1 56560.9010925022 155
2 52105.6835282917 156
3 50658.8788827524 161
4 46583.5431073561 146
5 61380.3200098353 184
6 56854.4414770914 191
7 56231.9721405929 197
8 33962.4496210251 124
9 44492.0369103727 162
10 45028.6647033733 190
11 38102.8421735573 177
12 53322.627916038 240
13 288487.673923166 239
14 258164.193381236 225
15 286053.661294419 254
16 284571.614289276 223
17 240723.652930288 216
18 228200.14759468 189
19 258002.379186474 230
20 243716.950900153 201
21 171697.413439028 151
22 251002.069471739 221
23 196883.040694486 184
24 222156.370652528 215
25 190733.840419482 198
26 150196.533421577 167
27 157673.135281338 159
28 137031.213872775 140
29 105205.363175242 124
30 87866.7487583073 101
31 77226.0495101007 87
32 66965.0250704445 86
33 56162.852976795 74
34 48624.3805930565 64
35 39095.3355426824 54
36 31337.4959319955 44
37 31707.5242141793 50
38 20587.6252408181 30
39 15039.3561562231 25
40 12386.93288253 19
41 16304.3518451745 25
42 12732.853724287 20
43 8168.05668607102 15
44 12310.5568035473 23
45 23125.5921839759 46
46 28647.3187052792 59
47 42324.3530095503 85
48 45388.2830607296 99
49 69257.3115807409 143
50 51600.3543833289 123
51 58920.4798604287 135
52 47242.1665683761 130
53 61165.1029615214 155
54 57918.1278615641 156
55 58056.3806356022 161
56 51178.3240277459 146
57 59210.0007455117 184
58 56154.0565834968 191
59 51858.1693097468 197
60 34757.8484189604 124
61 39124.873390164 162
62 43843.8365525828 190
63 39492.3511992925 177
64 56887.289065066 240
65 252580.230946206 239
66 255164.488801501 225
67 314371.91679526 254
68 260881.098568406 223
69 253646.334928611 216
70 232991.979826969 189
71 247066.866210761 230
72 219166.671233124 201
73 157129.41471494 151
74 239477.265516938 221
75 186679.736331418 184
76 224714.602515877 215
77 197596.621254007 198
78 163940.493473485 167
79 151073.082125096 159
80 120364.954317704 140
81 114401.437181447 124
82 96979.6139628182 101
83 70569.219369578 87
84 66311.9237652643 86
85 60127.9348666051 74
86 53542.5392668811 64
87 37246.8698959511 54
88 31331.9668690889 44
89 35057.9631313815 50
90 19195.2074112387 30
91 14956.4021979631 25
92 11283.9845023197 19
93 15144.4489397812 25
94 12780.621639586 20
95 8037.04182402363 15
96 12818.1506011425 23
97 24833.4601549566 46
98 28569.5086412463 59
99 44786.2593122458 85
100 49187.7094771724 99
101 68528.6599124503 143
102 56128.6274327635 123
103 53789.0102267564 135
104 49815.0789490971 130
105 53907.0142738478 155
106 59985.9821540635 156
107 51819.0422905142 161
108 45949.3329629667 146
109 62248.8031358059 184
110 54656.8953942322 191
111 52211.4929264413 197
112 31581.0043130492 124
113 44428.298297627 162
114 44476.0225846487 190
115 39030.2089182439 177
116 50380.6618604489 240
117 260704.868138893 239
118 267490.907601411 225
119 274787.39522293 254
120 266595.017521917 223
121 273619.736033789 216
122 240040.82581419 189
123 273961.152541003 230
124 224079.575949614 201
125 178375.596786348 151
126 221050.800987356 221
127 186714.921442566 184
128 214283.118239856 215
129 198966.51220603 198
130 177601.003853218 167
131 145259.301287646 159
132 132165.182412968 140
133 119152.92848743 124
134 89421.1592391324 101
135 71686.9037514215 87
136 70324.5223957658 86
137 63784.1081115228 74
138 51050.506536118 64
139 41472.2604616966 54
140 30621.6151591976 44
141 32690.5455496223 50
142 19177.2081165026 30
143 15266.7872258602 25
144 12471.9616472241 19
145 15251.6138628911 25
146 12403.8826619277 20
147 8522.22850232783 15
148 13149.4087798164 23
149 23228.1850582424 46
150 32263.1291204006 59
151 41906.7981995078 85
152 46787.4317853024 99
153 66636.9794445285 143
154 49357.8446025345 123
155 57736.7895597216 135
156 51591.6634230751 130
157 59281.8803418852 155
158 53955.7600678523 156
159 57139.8944994463 161
160 46905.1106019936 146
161 56323.8013294404 184
162 55152.5779253459 191
163 53865.5758580691 197
164 31236.5700166267 124
165 44179.7501847137 162
166 48774.5457671085 190
167 44689.1305992012 177
168 56423.4300276071 240
169 288886.657542496 239
170 261463.532375654 225
171 303105.832159994 254
172 272490.523474608 223
173 266879.408943953 216
174 207103.260281603 189
175 284760.622430268 230
176 241941.067106293 201
177 155711.703410094 151
178 256406.801127573 221
179 196527.583341468 184
180 216554.367244453 215
181 189416.770714718 198
182 155314.445839385 167
183 151377.149797734 159
184 135844.020055532 140
185 119520.968288944 124
186 88051.230687717 101
187 73641.8684365522 87
188 72082.241789596 86
189 54247.1648379602 74
190 45199.7389739248 64
191 42268.748987854 54
192 31393.2609290994 44
193 32800.3750339132 50
194 22246.2724326868 30
195 17501.2524480888 25
196 12628.0530808615 19
197 14248.2735638929 25
198 11102.8336321657 20
199 9340.27687537545 15
200 11884.9470574102 23
201 24966.1138080336 46
202 30326.3088491162 59
203 42670.9511951945 85
204 43481.3939380283 99
205 61712.795962451 143
206 55361.3400453502 123
207 53797.4561355265 135
208 53856.9385203264 130
209 58330.3792650489 155
210 60243.2752908853 156
211 52427.8973090814 161
212 51333.2134850066 146
213 55285.6201118557 184
214 60131.2467832786 191
215 54806.5190242665 197
216 34275.0353759066 124
217 43823.2324863934 162
218 46450.452891017 190
219 39584.9144665665 177
220 49847.1340304651 240
221 268013.803911601 239
222 246016.486489823 225
223 315489.184285193 254
224 265196.936347244 223
225 265616.16357726 216
226 205328.57771117 189
227 277704.246244862 230
228 231967.21477619 201
229 156061.345591219 151
230 233603.322808738 221
231 188659.145557015 184
232 205348.453325875 215
233 181296.670016119 198
234 163694.137678646 167
235 153699.143203736 159
236 124445.476812579 140
237 112139.217757846 124
238 85963.869310015 101
239 78655.8683366187 87
240 69205.1956607816 86
241 55849.2303151375 74
242 50628.7196739197 64
243 39126.6266167814 54
244 29808.2327871349 44
245 32574.0829600686 50
246 20641.6279779506 30
247 17194.1824878444 25
248 11475.1662165133 19
249 13988.9896228834 25
250 11188.7832541372 20
251 8766.51310561377 15
252 12184.6429313971 23
253 22821.6629503596 46
254 28469.8137780205 59
255 41768.9191142916 85
256 48364.189985839 99
257 68807.1922757481 143
258 56081.1559721163 123
259 56513.5037340741 135
260 48354.7214884195 130
261 60994.6690604285 155
262 56535.1284331464 156
263 58533.6773857354 161
264 45798.7296937582 146
265 57459.4797917676 184
266 59958.6964352729 191
267 55146.0890018973 197
268 32940.4448949832 124
269 44447.4212786136 162
270 48012.1076191095 190
271 38721.0387972317 177
272 48846.9008924129 240
273 269619.923666115 239
274 245074.00319714 225
275 294126.185228546 254
276 279067.216476226 223
277 261683.524644476 216
278 235966.009897939 189
279 276466.38485197 230
280 229560.810434402 201
281 174874.919569753 151
282 230422.132187533 221
283 178278.709247516 184
284 217081.296684686 215
285 199778.511695134 198
286 151540.131199835 167
287 152900.689943234 159
288 127215.639465106 140
289 113268.655595318 124
290 86003.335803294 101
291 79542.9017303383 87
292 64928.151420571 86
293 58516.5464745057 74
294 46597.1953347172 64
295 41772.0935584311 54
296 30434.0422829402 44
297 32761.0136657311 50
298 20176.9391215608 30
299 16692.035936303 25
300 12175.8244210636 19
301 14945.7568936523 25
302 12713.2737045487 20
303 9269.16117614889 15
304 12973.4325055413 23
305 25037.350994753 46
306 32290.147095957 59
307 44701.4554000187 85
308 47013.5995548741 99
309 65978.6284796771 143
310 48705.6148374435 123
311 53707.332046624 135
312 51138.884285232 130
313 60869.4106589622 155
314 50441.9527902563 156
315 54549.6493071457 161
316 47290.2321475688 146
317 52372.9354797685 184
318 53106.0355544075 191
319 57055.7532784751 197
320 33700.2897512075 124
321 39272.9904583684 162
322 46775.0891590989 190
323 44094.6185580952 177
324 50025.7140614597 240
325 286853.935766749 239
326 255556.97001267 225
327 282825.340867658 254
328 267770.954470333 223
329 271215.755378534 216
330 216444.786639229 189
331 254995.979379549 230
332 229485.512704322 201
333 166434.298738562 151
334 249786.458163954 221
335 184121.011847228 184
336 238411.029990434 215
337 194433.838827109 198
338 174252.574357126 167
339 162174.63141688 159
340 121831.673681229 140
341 107074.831648081 124
342 82234.6021744202 101
343 75270.0452773756 87
344 73677.4971055058 86
345 59853.0980521755 74
346 47241.6413157861 64
347 39814.4927010539 54
348 33685.7115359024 44
349 34719.7415657201 50
350 20987.6410412036 30
351 14985.9762879733 25
352 12128.5571582935 19
353 14681.1616842663 25
354 10766.3148755973 20
355 8459.54032608664 15
356 13134.140786745 23
357 23374.8396115546 46
358 27779.1765218458 59
359 43727.6325485477 85
360 43101.6000126334 99
361 69352.6186707848 143
362 51556.8981478383 123
363 57977.8897548913 135
364 50660.4557924456 130
365 59289.1177031404 155
366 56544.0469846629 156
367 56452.8180494041 161
368 48852.3200049443 146
369 58022.168231618 184
370 53088.6053540631 191
371 52610.8087387908 197
372 35436.5873647249 124
373 42903.7148576949 162
374 48811.5563492222 190
375 37924.4716298399 177
376 52510.6929747249 240
377 276477.770595245 239
378 267211.087659733 225
379 316772.521967151 254
380 250951.6855602 223
381 236976.336821568 216
382 217850.647661392 189
383 252874.917735854 230
384 225474.825731345 201
385 165023.195109253 151
386 252171.193725592 221
387 202967.023487481 184
388 212370.391929977 215
389 214868.240634667 198
390 153633.710081911 167
391 157647.525223162 159
392 124238.912269716 140
393 116605.248618274 124
394 91215.4049420481 101
395 78621.793569378 87
396 67861.5803533429 86
397 54330.298415374 74
398 46933.5726653676 64
399 39992.765451511 54
400 29380.4595864683 44
401 32651.8710566975 50
402 19035.1309686668 30
403 15201.0168386533 25
404 11941.1069570336 19
405 14613.7853591385 25
406 11570.3104589664 20
407 8984.49961469933 15
408 13074.4224233315 23
409 23120.8562087514 46
410 28444.2573740112 59
411 39407.8688000809 85
412 43627.8415116867 99
413 63091.0063944835 143
414 55460.2457453308 123
415 59018.069187756 135
416 49615.2859263916 130
417 62308.4193479071 155
418 55406.3873002982 156
419 50555.1940074892 161
420 44416.6590478603 146
421 59194.7789417417 184
422 56411.0080514299 191
423 51889.5521159463 197
424 33743.3332666787 124
425 44939.3151211131 162
426 45717.5474521575 190
427 41108.4387983905 177
428 51493.8031021515 240
429 257328.009111598 239
430 244351.879769574 225
431 292035.450348514 254
432 261334.248454333 223
433 249293.17860151 216
434 205681.180639862 189
435 260997.693910151 230
436 210959.924863861 201
437 167176.223311729 151
438 229862.055220897 221
439 204576.438983808 184
440 230068.065678278 215
441 182482.217358307 198
442 177545.969022501 167
443 138869.156968428 159
444 141287.699967142 140
445 113383.936392274 124
446 89482.1353177009 101
447 77945.6671316539 87
448 64961.6286647715 86
449 63083.6413634121 74
450 49132.4067431335 64
451 43479.2606382536 54
452 31124.9826702927 44
453 34311.8092810167 50
454 18622.5894079569 30
455 16738.3683306717 25
456 11267.3910467116 19
457 15948.9701608864 25
458 11710.8145522473 20
459 7924.05172602214 15
460 13588.870465893 23
461 23468.7913583603 46
462 29555.7463278869 59
463 39341.8690917916 85
464 46990.7317555808 99
465 60893.6148239273 143
466 53419.0706148821 123
467 56291.3737521673 135
468 53531.1740205342 130
469 59704.3976003289 155
470 54862.9540349986 156
471 53385.3318509494 161
472 45242.6459412536 146
473 58615.2051046335 184
474 57304.7904483924 191
475 57772.3693724993 197
476 31304.5493650167 124
477 42674.6770794905 162
478 46842.7715551543 190
479 44051.6367124806 177
480 55198.5745576531 240
481 261420.42069785 239
482 249676.987887661 225
483 311096.634952104 254
484 280028.024299975 223
485 241833.904288134 216
486 219588.492181405 189
487 259793.04193177 230
488 223301.560481963 201
489 152846.461446863 151
490 249937.660061986 221
491 191903.107454329 184
492 231499.695533459 215
493 188292.070779225 198
494 177593.995809091 167
495 138160.419133359 159
496 119912.067270035 140
497 105537.971323191 124
498 84220.4330723442 101
499 70824.428103241 87
500 71098.0859109115 86
501 57601.8929119105 74
502 52369.7846245426 64
503 42194.783955366 54
504 32678.1462347146 44
505 32133.4845343456 50
506 20730.9745471842 30
507 17606.2332032587 25
508 12782.2709751249 19
509 14853.082334083 25
510 12667.62451135 20
511 9218.50623394332 15
512 12955.6094757412 23
513 22898.5557490895 46
514 31686.507736113 59
515 42194.9970370606 85
516 44470.6869762654 99
517 67184.1513517143 143
518 51047.5942505344 123
519 60031.7289211941 135
520 48809.0161775262 130
521 60815.9978914223 155
522 51800.7186474761 156
523 52811.8640899265 161
524 47355.8886064986 146
525 56586.2418760532 184
526 59440.7909279318 191
527 57625.3869460199 197
528 32325.2433749026 124
529 38868.1078463396 162
530 45809.7305333889 190
531 43090.729230615 177
532 50574.7889696354 240
533 283578.43501495 239
534 272562.465794759 225
535 276245.911944775 254
536 252182.865500593 223
537 254273.057206181 216
538 224653.559243279 189
539 277337.290923741 230
540 235181.594612281 201
541 164521.948976785 151
542 238953.960726529 221
543 207299.292985049 184
544 239784.376697217 215
545 189348.21380962 198
546 167930.551570512 167
547 159136.809762318 159
548 133295.991203561 140
549 104266.3155413 124
550 95218.4158338808 101
551 75878.7392370649 87
552 74173.070308868 86
553 55434.1201673789 74
554 49943.4945576274 64
555 38810.0379973495 54
556 33691.8660752042 44
557 35226.2214473617 50
558 19798.2749724568 30
559 16291.9337932346 25
560 12656.1874697752 19
561 16016.3402245419 25
562 11740.3978431927 20
563 8376.53638710835 15
564 11593.8269609107 23
565 23867.220757655 46
566 31373.4983191263 59
567 40370.052792981 85
568 45473.7045162833 99
569 61056.6104482974 143
570 53814.2931149747 123
571 59664.5217659109 135
572 52622.3948531342 130
573 58908.4746919677 155
574 59063.8602465998 156
575 52663.1771170803 161
576 45916.4964432776 146
577 61899.5031401034 184
578 52392.9705063743 191
579 57332.3392997592 197
580 31164.6233821682 124
581 43223.75431134 162
582 50212.12678021 190
583 41369.6216923985 177
584 53583.0386606707 240
585 276807.212994131 239
586 249290.876572905 225
587 281529.425058119 254
588 253325.775598623 223
589 256536.888401176 216
590 230734.890260474 189
591 262585.201464666 230
592 222527.650779709 201
593 168254.544163181 151
594 249557.322508982 221
595 199277.252544185 184
596 202202.844069779 215
597 215045.397099323 198
598 167510.83366448 167
599 152035.207739854 159
600 129655.555374904 140
601 114997.780808659 124
602 92203.5653034974 101
603 69638.6797392681 87
604 73012.3640718832 86
605 55864.4172517236 74
606 48446.9457970826 64
607 38288.3636333759 54
608 30582.151136103 44
609 34082.2018886139 50
610 20344.6776341136 30
611 15428.6638306489 25
612 11179.8770967078 19
613 14986.8344257699 25
614 10885.0667124461 20
615 8557.28675415017 15
616 12215.6933904753 23
617 22248.0786957347 46
618 28819.4812582745 59
619 38120.353919179 85
620 49067.7875864143 99
621 67995.4478878023 143
622 51964.1457762852 123
623 53220.6143414118 135
624 50835.1448493031 130
625 56955.3949982354 155
626 52140.317579564 156
627 52349.8141871346 161
628 44293.1950368727 146
629 57753.6302833979 184
630 51479.4647133808 191
631 57244.5324297829 197
632 33198.6304647991 124
633 39120.1541387376 162
634 47686.3191686753 190
635 39156.4053168287 177
636 55382.0446090799 240
637 265858.424541798 239
638 253015.353042918 225
639 308682.425949263 254
640 247524.915255081 223
641 255967.375234169 216
642 240081.612432218 189
643 262560.503465583 230
644 243323.94194768 201
645 180952.790322271 151
646 256590.850584111 221
647 184881.196732893 184
648 224201.474682203 215
649 183036.519585598 198
650 170049.874293786 167
651 165800.651489907 159
652 120683.315818836 140
653 105647.106269668 124
654 86544.4093577982 101
655 67723.0109628272 87
656 75238.2373544543 86
657 58429.819119595 74
658 53673.6393359423 64
659 40940.150173209 54
660 32642.2019666684 44
661 37435.5893056669 50
662 20487.3644032313 30
663 17243.8276236855 25
664 12825.9149434767 19
665 14573.1534729838 25
666 11758.6210149773 20
667 9019.74946900275 15
668 12358.3323573216 23
669 21989.6747794133 46
670 29150.9271136812 59
671 41312.7018178726 85
672 46168.4720001496 99
673 61213.3656885308 143
674 56115.2851719123 123
675 57453.7354832805 135
676 50093.0939332782 130
677 57263.0484116306 155
678 60540.2846450327 156
679 52477.1933701023 161
680 49160.8303485688 146
681 56741.8653954602 184
682 51418.5917960526 191
683 52358.5365907319 197
684 34993.558549068 124
685 40249.3476851581 162
686 49337.5338471913 190
687 38029.8500179684 177
688 49931.5490721897 240
689 685656.675909743 239
690 668301.598913977 225
691 764821.278929056 254
692 658444.5004305 223
693 657501.003693727 216
694 593027.202351923 189
695 786278.218216094 230
696 582931.021694069 201
697 436427.195971205 151
698 725318.060035675 221
699 585853.766392532 184
700 637317.067529886 215
701 574536.139734463 198
702 478069.250827725 167
703 463946.139775226 159
704 386561.499632373 140
705 305237.266651681 124
706 269762.683322431 101
707 218106.666075254 87
708 197063.376009981 86
709 171074.015384024 74
710 144960.526055733 64
711 103447.46310667 54
712 95554.756205305 44
713 90843.5883597673 50
714 54753.5436207283 30
715 48102.5783381515 25
716 33538.9668916902 19
717 47391.4381924242 25
718 32659.9694710462 20
719 23638.8783232198 15
720 38829.8822148773 23
721 65496.4378741375 46
722 81890.8093470648 59
723 113342.540873298 85
724 124535.302099778 99
725 188770.452562329 143
726 136876.355937752 123
727 160204.831498512 135
728 151091.086924 130
729 162586.28094729 155
730 149953.28375873 156
731 170487.060993324 161
732 144339.830896125 146
733 149250.67095544 184
734 163720.457925585 191
735 173721.710051401 197
736 93768.8821312316 124
737 116561.093206383 162
738 125512.365574617 190
739 116979.745740515 177
740 152731.468130184 240
741 631170.824673725 239
742 649660.30804077 225
743 666983.989746639 254
744 658749.055419734 223
745 638352.295130267 216
746 533816.222728717 189
747 619639.690574757 230
748 559296.605617357 201
749 419453.964273778 151
750 574382.347904111 221
751 462442.724263506 184
752 537905.114541051 215
753 492238.626480644 198
754 407836.326132792 167
755 337256.352831647 159
756 311979.285423321 140
757 255519.255308783 124
758 201068.529087464 101
759 176792.606176462 87
760 172370.618439887 86
761 136767.832780211 74
762 108428.440263205 64
763 94676.5107437787 54
764 77975.4045068908 44
765 86692.3010068517 50
766 44243.0728456424 30
767 39829.1934081701 25
768 26238.9287857724 19
769 37309.9663182159 25
770 29387.2122344236 20
771 18859.6119945945 15
772 27787.192330584 23
773 60247.7732556951 46
774 69194.5813786493 59
775 103741.342800356 85
776 102657.799724177 99
777 145621.598511875 143
778 126222.568208365 123
779 130799.201086744 135
780 126859.856644267 130
781 146607.003990391 155
782 132912.687677813 156
783 128856.750356103 161
784 110552.890957877 146
785 125610.826131578 184
786 135052.527358835 191
787 133860.12732768 197
788 77166.1220395476 124
789 102717.328032302 162
790 115273.591895268 190
791 97378.4073212115 177
792 129291.004267743 240
793 509947.309930711 239
794 426373.595346843 225
795 482846.977145515 254
796 471334.57226159 223
797 452911.143235332 216
798 365426.876504709 189
799 472297.756651358 230
800 392421.624467837 201
801 285320.134754816 151
802 382477.686425808 221
803 341421.695642221 184
804 385748.600066082 215
805 351784.296605237 198
806 276344.260038411 167
807 245272.626837945 159
808 209843.115442259 140
809 200080.126487578 124
810 140469.506621372 101
811 124892.094467831 87
812 117155.494744803 86
813 93757.7797835462 74
814 85997.3567945505 64
815 63850.9699065746 54
816 53783.2961511038 44
817 58711.1371757439 50
818 36521.5671855436 30
819 28532.3526811709 25
820 21012.5924678935 19
821 24771.568229264 25
822 18293.0023318128 20
823 14498.2869468691 15
824 20480.7779725026 23
825 42262.4074527783 46
826 50297.3951057425 59
827 62969.6736514794 85
828 81331.3930296471 99
829 112777.632132164 143
830 78425.1518365656 123
831 92159.0343163473 135
832 87936.1101948747 130
833 96123.0774560918 155
834 94381.4835484862 156
835 85060.7692177163 161
836 75891.588911385 146
837 101789.560111411 184
838 95568.1361515822 191
839 89022.1111000119 197
840 55209.7672233784 124
841 71270.8284298824 162
842 82322.2417171999 190
843 65617.689956289 177
844 87266.4093210444 240
845 267955.324957414 239
846 275064.112848833 225
847 313081.370798821 254
848 257913.90499041 223
849 255749.400870925 216
850 239328.77572167 189
851 249244.733960364 230
852 215697.004012356 201
853 178543.704687438 151
854 256687.032446544 221
855 186817.751368176 184
856 200256.897410536 215
857 205155.436252457 198
858 173701.543841506 167
859 149444.757917063 159
860 119997.045309554 140
861 113082.726158348 124
862 90177.316197159 101
863 74688.3809568905 87
864 66888.0477652291 86
865 57033.6759954588 74
866 48871.3275405622 64
867 37250.7355627922 54
868 28077.9891400754 44
869 34659.1273468872 50
870 20130.6456695005 30
871 16322.6682849574 25
872 11166.5963972414 19
873 14695.4035134867 25
874 10797.0799658662 20
875 8258.96920122956 15
876 11962.0981642037 23
877 21976.8580613277 46
878 27870.324055623 59
879 40833.3353085969 85
880 40757.0153886693 99
881 65543.568630942 143
882 46562.3645841005 123
883 52495.3139110937 135
884 49893.4635104818 130
885 54984.8548406175 155
886 53840.4274884664 156
887 50784.1231163713 161
888 48579.6500390061 146
889 51820.0357438318 184
890 51870.5516144242 191
891 48610.8630735733 197
892 29635.9660126356 124
893 37198.9891668947 162
894 47447.8344225529 190
895 41191.1981658974 177
896 49179.992958461 240
897 92735.996247081 239
898 81284.5909959444 225
899 98550.3464670775 254
900 83007.7644067798 223
901 77260.1920824986 216
902 68930.7727246282 189
903 78000.210237099 230
904 68597.665939755 201
905 48615.8746997718 151
906 69133.0743684252 221
907 54771.646914928 184
908 63108.7715754506 215
909 55239.7795989711 198
910 47405.3529339554 167
911 45081.2648840661 159
912 37205.5567619568 140
913 30418.7448670367 124
914 25760.4313515352 101
915 20304.4411725184 87
916 19841.4505720977 86
917 15536.7805341582 74
918 12739.8735890719 64
919 10006.1111641143 54
920 8501.27617794538 44
921 8869.32730455376 50
922 5554.92129447091 30
923 4217.35088348 25
924 3104.3625485356 19
925 4148.70812197301 25
926 3217.85854653671 20
927 2122.89319291551 15
928 3472.44129610687 23
929 6406.17473213392 46
930 8102.64081713611 59
931 10662.6518545576 85
932 11645.7912962483 99
933 17167.0676692693 143
934 13277.9157712718 123
935 15058.1638577372 135
936 12327.1159226029 130
937 15640.9938095113 155
938 12929.4623736454 156
939 12708.8323962424 161
940 12156.2842051002 146
941 14717.8656557043 184
942 13242.1458571405 191
943 13436.0200331746 197
944 8236.18959529765 124
945 9773.3091669148 162
946 11287.6083751488 190
947 10023.7142867887 177
948 12442.5576902059 240
949 61929.8265316198 239
950 57202.044805815 225
951 64064.0169790243 254
952 51508.8695742648 223
953 54295.4893426712 216
954 41779.4074084612 189
955 54186.4291340396 230
956 46012.4844459892 201
957 31743.0026963093 151
958 53893.4160416075 221
959 40627.4521748862 184
960 43790.7420107162 215
961 41440.3778994697 198
962 32878.3440432165 167
963 31119.5638496782 159
964 27648.5360067967 140
965 21748.9906032278 124
966 18533.3284384554 101
967 14207.1399921643 87
968 14344.8542332004 86
969 12440.2184627556 74
970 10848.2597352089 64
971 8344.77280496 54
972 6315.57571660675 44
973 7088.56521969369 50
974 4137.38521260453 30
975 3130.69010025768 25
976 2637.36087681576 19
977 3297.3106746008 25
978 2216.72425882387 20
979 1584.11796173928 15
980 2306.677923067 23
981 4784.7495865605 46
982 5576.02949906782 59
983 7932.65261067515 85
984 9196.68122072687 99
985 13180.7183047261 143
986 11468.326752611 123
987 10408.5392908161 135
988 9921.64098451723 130
989 11519.0106868794 155
990 10290.2574264874 156
991 11898.5784958274 161
992 8967.39241266416 146
993 12214.3537259447 184
994 11641.2456730787 191
995 10820.9205945738 197
996 7081.14001884264 124
997 8844.38337945233 162
998 8681.35563398486 190
999 8494.16132624066 177
1000 9946.38345485337 240
1001 98590.9544296644 239
1002 101164.322855175 225
1003 104933.927208665 254
1004 92510.0671969563 223
1005 91087.3332349827 216
1006 87400.9404650976 189
1007 91968.6188591736 230
1008 91957.6744912269 201
1009 56961.6151387816 151
1010 82621.1688913962 221
1011 70005.7877771675 184
1012 78901.5375780432 215
1013 71015.3616690713 198
1014 67924.0098985957 167
1015 55176.4351659486 159
1016 53401.2232787794 140
1017 41936.8772644972 124
1018 32459.7055058635 101
1019 25677.9361804982 87
1020 28137.4588849597 86
1021 24068.9622264501 74
1022 19163.9249769369 64
1023 15241.0070248937 54
1024 12004.041263086 44
1025 13702.9053825678 50
1026 7224.85978238885 30
1027 6723.33483995616 25
1028 4480.54939397219 19
1029 5780.71180362097 25
1030 4643.21864672062 20
1031 3508.48150304939 15
1032 4686.09792085516 23
1033 8994.76978775931 46
1034 11652.4195915249 59
1035 14894.7674962548 85
1036 17928.7536767397 99
1037 26114.021869701 143
1038 20604.9683281664 123
1039 21817.4146869007 135
1040 19447.8890699839 130
1041 21149.6722934904 155
1042 20232.5910391409 156
1043 21947.0380285025 161
1044 18983.8661761693 146
1045 22366.3820895981 184
1046 22339.5158021963 191
1047 21627.1933898632 197
1048 13007.8052883279 124
1049 15405.3823264829 162
1050 16247.1392433683 190
1051 16579.2483093721 177
1052 18462.8398504297 240
1053 158340.720200851 239
1054 139215.539030808 225
1055 153755.872299991 254
1056 137502.12659514 223
1057 145039.163912507 216
1058 120462.197622165 189
1059 139294.32519141 230
1060 129726.189876453 201
1061 97204.0833247427 151
1062 132699.352809346 221
1063 122176.487598542 184
1064 126491.74176555 215
1065 120104.818977531 198
1066 88428.1880320791 167
1067 84489.9687839339 159
1068 80001.526814738 140
1069 60878.6082547607 124
1070 51030.976663575 101
1071 40162.550451318 87
1072 39968.6356541678 86
1073 36253.7627620393 74
1074 27722.8952414509 64
1075 23523.7587916512 54
1076 17587.840396484 44
1077 21691.3138805542 50
1078 12483.061793386 30
1079 8830.5523374833 25
1080 6509.57284872662 19
1081 9395.10223464916 25
1082 6845.84471186745 20
1083 5314.99222556429 15
1084 7988.75005935774 23
1085 12801.1394810728 46
1086 16193.1068943782 59
1087 25992.4980385278 85
1088 25349.8184954387 99
1089 37243.20249964 143
1090 30295.7527067922 123
1091 33393.2141379586 135
1092 29625.3040446983 130
1093 33756.6898867873 155
1094 34817.9170690345 156
1095 31407.7987751092 161
1096 26147.7542280557 146
1097 35343.2160084831 184
1098 34623.2478601551 191
1099 35068.219477325 197
1100 18611.8691455752 124
1101 23592.8986756901 162
1102 29537.368533361 190
1103 25405.0731438171 177
1104 31717.6985876222 240
1105 220652.394105548 239
1106 195345.211612531 225
1107 242371.022952061 254
1108 193139.229486216 223
1109 186701.983132707 216
1110 176986.340890867 189
1111 207504.512306531 230
1112 179422.513292979 201
1113 139971.982001446 151
1114 179929.475357235 221
1115 159662.23824542 184
1116 184260.473517223 215
1117 159733.710583224 198
1118 132057.863816613 167
1119 110743.295955938 159
1120 93725.0299015278 140
1121 80155.4716371398 124
1122 65405.5194215316 101
1123 54296.3367835628 87
1124 50678.2719770559 86
1125 42647.4383494412 74
1126 35759.1628981966 64
1127 29027.0383754376 54
1128 24750.1763928414 44
1129 27237.4158253885 50
1130 14472.5976330262 30
1131 12573.6751305333 25
1132 9030.02906645116 19
1133 12990.262861749 25
1134 9094.0269548599 20
1135 6502.4421380984 15
1136 10677.2635226036 23
1137 17681.1586994685 46
1138 22575.7175590671 59
1139 31714.0514394614 85
1140 35755.4835072162 99
1141 49775.2007314544 143
1142 43988.2824595845 123
1143 42019.5820297856 135
1144 41581.5684857809 130
1145 46499.2049064645 155
1146 46451.3132896031 156
1147 40530.9990089026 161
1148 36511.5653039258 146
1149 42876.9037811996 184
1150 42955.5068583123 191
1151 41846.2987995727 197
1152 27248.2940220997 124
1153 31066.9663651385 162
1154 36306.4175132045 190
1155 30605.3830581851 177
1156 40812.7972845787 240
1157 259149.622639136 239
1158 242860.123834848 225
1159 312843.419421977 254
1160 232458.737651718 223
1161 237535.848319125 216
1162 198005.862308097 189
1163 250284.193831873 230
1164 227940.417716253 201
1165 155913.5757792 151
1166 227189.664221627 221
1167 187640.316229132 184
1168 217561.053423139 215
1169 199535.268981146 198
1170 149392.319296066 167
1171 159342.460094354 159
1172 128286.966390337 140
1173 108351.413190481 124
1174 86832.049649178 101
1175 72599.9524660286 87
1176 69587.1620568116 86
1177 57179.2238248318 74
1178 49183.5029991532 64
1179 43181.915451666 54
1180 31668.6497299023 44
1181 34546.2831715288 50
1182 20852.8051624486 30
1183 16407.2910453825 25
1184 12789.2523491257 19
1185 13952.7606678016 25
1186 11281.3044919203 20
1187 8316.33239411712 15
1188 11748.6852579288 23
1189 25133.7296037298 46
1190 29758.4317824897 59
1191 41147.3241305316 85
1192 42786.8497701818 99
1193 63241.3027653418 143
1194 55142.104561935 123
1195 50097.7043673286 135
1196 48704.1039513653 130
