1 2405 68.2283754115201 68.2283754115201
2 1428.7 39.7998856567201 57.8045958347601
3 1185.5 24.63802445416 57.8045958347601
4 2183.24 56.8569795096001 104.2377957676
5 1447 42.2993953839537 74.9303575372894
6 1560.1 45.9250578454355 111.186982152107
7 2272.2 73.7218033834622 116.021198767416
8 2226.2 88.2244532293892 72.5132492296349
9 1973 75.5346346142031 63.1744216773335
10 2822.2 86.5214905580871 82.4014195791306
11 5707.05 177.163052095131 60.4277076913624
12 5011 174.41633810916 49.4408517474784
13 5019 170.296267130203 21.9737118877682
14 6194.9 176.31157075948 21.5342376500128
15 9131.7 226.109495325134 14.8047883843838
16 10078.2 196.499918556367 10.7671188250064
17 12013.9 235.530724297015 1.3458898531258
18 11759.2 252.296666467382 2.66980599436383
19 12328.3 217.589188540652 2.66980599436383
20 16072.5 237.612733498381 2.66980599436383
21 13489.7 236.277830501199 2.66980599436383
22 9598 173.042981116174 3.70806388106088
23 9629.2 184.167172759357 7.41612776212175
24 6079.6 132.254278424505 11.1241916431826
25 7896.8 177.987066290922 9.88817034949567
26 6482.6 159.446746885618 9.88817034949567
27 4518 111.673150527624 6.14714590060314
28 4057.6 101.427907359952 6.14714590060314
29 4263.5 113.722199161158 4.09809726706876
30 3332.8 101.427907359952 0
31 2421.1 61.5813275654703 0
32 1269.9 38.0831894154882 0.810280625861451
33 1238.6 39.7037506672111 0
34 573 12.9644900137832 0
35 343 6.59211356633045 0
36 232 3.95526813979827 0
37 177 5.27369085306436 0
38 104 3.29605678316522 0
39 14 1.97763406989913 0
40 54 5.83402050620245 0
41 69 5.83402050620245 0.648224500689161
42 42 4.53757150482413 0
43 43 4.53757150482413 0
44 329 14.4559557081655 0.760839774113973
45 252 13.6951159340515 0
46 788.4 29.6727511904449 0
47 921.5 30.4335909645589 1.52167954822795
48 1048.2 42.7992973294004 1.74691009507757
49 1479.1 46.2931175195556 12.228370665543
50 2103.3 61.1418533277149 16.5956459032369
51 1754.1 55.0276679949434 19.2160110458533
52 1606 48.0400276146331 32.317836758935
53 1686.7 47.4202272444128 52.5745997709794
54 1601.2 56.6980977922327 48.4511017497261
55 2046.7 75.2538388878725 75.2538388878725
56 1451.7 60.821595813486 62.8833448241126
57 1534.9 80.199048471332 70.9958789746218
58 1850 99.9201259642825 73.6253559736819
59 1841 107.808556961463 40.756893485431
60 1309.5 78.884309971802 32.8684624882508
61 882 55.2787778211491 10.4581471553525
62 1069 49.3026937323763 7.4701051109661
63 2955.4 141.931997108356 20.9162943107051
64 3676.1 171.81241755222 10.4581471553525
65 3865.5 134.46189199739 14.9402102219322
66 8187.4 193.266559430915 24.890390229739
67 11224.7 193.266559430915 14.6414060174936
68 7804.9 187.409997023917 7.32070300874678
69 11050.1 209.372106050158 5.85656240699742
70 11521 249.776410574351 8.71313060143086
71 8319.5 201.854192266482 8.71313060143086
72 7063.3 191.688873231479 5.80875373428724
73 5422.3 184.42793106362 4.35656530071543
74 4703.4 157.320413636946 14.7908081197129
75 3562.6 129.083416317494 6.72309459986949
76 2029.5 91.4340865582251 0
77 682.7 38.993948679243 0
78 465 25.5477594795041 2.6892378399478
79 518 20.0617142860106 3.34361904766843
80 509 26.7489523813474 2.22907936511228
81 115 6.68723809533685 2.22907936511228
82 124 11.1453968255614 1.11453968255614
83 88 6.170306821658 1.762944806188
84 46 3.525889612376 0.881472403094
85 58 5.288834418564 0
86 47 7.933251627846 0
87 18 2.15139027195824 0
88 116 5.73704072522196 0
89 34 2.86852036261098 0
90 23 2.86852036261098 0
91 8 1.43426018130549 0
92 18.3 2.8207116899008 0
93 15 2.8207116899008 0
94 25 4.9362454573264 0
95 42 4.2310675348512 0
96 94.5 9.10456410924548 0
97 200 12.4153146944257 2.48306293888513
98 530 30.6244429129166 0.827687646295044
99 389.3 20.6921911573761 4.13843823147522
100 544.5 19.9541447724126 4.75098685057444
101 1471.5 55.1114474666635 3.80078948045955
102 2174.4 67.464013278157 10.4521710712638
103 2204.3 62.7130264275826 23.7549342528722
104 4589.1 120.675066004591 58.912236947123
105 1663 44.0236520355658 29.0155888416229
106 1947.6 48.0258022206173 33.0177390266744
107 1928.2 49.0263397668801 35.0188141192001
108 2582 76.0408535159773 35.0188141192001
109 2181 82.9431125307762 26.7970055868662
110 2166.4 82.9431125307762 48.4898196333769
111 2662.4 88.0473040711317 54.8700590588212
112 1553.7 63.8023942544432 37.0053886675771
113 1015.2 36.2513603718428 39.1514692015902
114 3359.8 85.5532104775489 82.6531016478015
115 4436.5 120.354516434518 55.102067765201
116 6091.9 137.755169413002 36.2513603718428
117 6798.8 145.005441487371 26.1009794677268
118 8328.2 156.315865923386 28.4210665315247
119 12656.3 153.473759270233 14.2105332657624
120 17715.1 217.421158966164 0
121 15330.1 203.210625700402 1.42105332657624
122 13638.2 183.228875863442 2.81890578251449
123 9358 119.803495756866 0
124 9583.5 157.858723820812 2.81890578251449
125 7799.4 152.220912255783 15.5039818038297
126 6750.4 122.674603498316 11.7454407604771
127 6581.4 129.199848365248 15.6605876806361
128 7147 120.064505551543 28.7110774144995
129 4250.8 108.319064791066 19.5757346007951
130 3238.5 92.6584771104301 23.4908815209541
131 2497.5 64.9044356097473 8.6539247479663
132 1959.4 59.4957326422683 6.49044356097473
133 586.3 19.4713306829242 7.57218415447051
134 1218.4 54.0870296747894 17.3078494959326
135 626.4 24.8104310384892 10.2663852573059
136 298 16.2551099907343 0.855532104775489
137 350.7 17.1106420955098 0
138 100 7.6997889429794 0
139 155 9.74436566795133 0
140 79 6.26423507225443 1.39205223827876
141 90 6.96026119139381 0
142 93 7.65628731053319 2.78410447655752
143 212.5 8.35231342967257 9.04833954881195
144 257.5 10.2663852573059 11.6352366249466
145 123 8.89753388966508 4.10655410292235
146 120 7.5286825220243 4.10655410292235
147 175 9.58195957348548 0.684425683820391
148 348 20.0832536460009 0
149 1274.3 40.1665072920018 0
150 1367.4 42.5764977295219 0
151 1178 31.3298756877614 0
152 1091 44.2672611772646 1.84446921571936
153 847 39.6560881379662 4.6111730392984
154 942 35.9671497065275 9.2223460785968
155 1380 47.9561996087033 11.9890499021758
156 1076 39.6560881379662 12.9112845100355
157 792 29.6198564405805 14.8099282202903
158 689 24.6832137004838 19.746570960387
159 595 26.6578707965225 8.88595693217416
160 1365.5 54.3030701410643 17.7719138643483
161 1172 45.3312585525406 40.2944520467028
162 1047.5 33.9984439144055 40.2944520467028
163 1849.3 75.5520975875677 52.8864683112974
164 982 56.6640731906758 30.2208390350271
165 942.8 57.2364375663392 35.772773478962
166 2532.2 108.749231376044 30.0491297223281
167 1925.8 101.594676680252 32.910951600645
168 3075.9 117.334697010995 17.1709312699018
169 2486.8 101.594676680252 14.3091093915848
170 6946 134.62010115603 11.2183417630025
171 7590.6 159.861370122785 5.60917088150124
172 7679.8 137.42468659678 8.41375632225186
173 11352.2 162.665955563536 4.20687816112593
174 10712.3 129.34862525617 2.78169086572409
175 15638.8 148.820461316239 12.5176088957584
176 15164.5 172.464833674893 19.4718360600686
177 14712.2 197.50005146641 15.2992997614825
178 9394.6 140.372363131447 27.0442167500953
179 8146.4 153.250561583873 21.8929373691247
180 6793.4 124.918524988535 14.166018297669
181 7884.7 136.508903595719 24.46857705961
182 4490.7 100.449947928925 29.6198564405805
183 3596.2 71.5197905610191 17.0793529697956
184 3884.9 57.6428162730602 19.2142720910201
185 3768.1 71.5197905610191 6.40475736367336
186 1200.9 30.9563272577546 3.20237868183668
187 1572 33.7694981641401 3.37694981641401
188 980 22.7944112607946 2.53271236231051
189 477.2 10.130849449242 4.22118727051752
190 196.1 5.90966217872452 3.37694981641401
191 97 3.43418625398035 4.12102350477642
192 439 7.55520975875677 6.18153525716463
193 212 5.49469800636856 5.49469800636856
194 114 4.80786075557249 0
195 305 8.24204700955285 0.68683725079607
196 64 2.02616988984841 0.675389963282803
197 105 2.70155985313121 1.35077992656561
198 116 3.37694981641401 1.35077992656561
199 106 4.05233977969682 0
200 298 9.51269592352558 0.792724660293798
201 394 10.3054205838194 4.75634796176279
202 878 21.4035658279325 3.17089864117519
203 1656.5 30.9162617514581 3.17089864117519
204 1641.1 36.4023742921917 0
205 2611.6 50.9633240090684 1.82011871460959
206 2543.2 53.6935020809828 0.910059357304793
207 2419 62.7940956540307 3.64023742921917
208 1510.3 48.233145937154 8.19053421574314
