1 SimYear 2007 1 1306.15260910332 155 0
2 SimYear 2007 2 1198.11261869536 156 0
3 SimYear 2007 3 1105.76808288567 161 0
4 SimYear 2007 4 914.268657291188 146 0
5 SimYear 2007 5 1024.31252352678 184 0
6 SimYear 2007 6 979.555565971067 191 0
7 SimYear 2007 7 913.36171278914 197 0
8 SimYear 2007 8 548.896249199124 124 0
9 SimYear 2007 9 750.838674405186 162 0
10 SimYear 2007 10 938.592756677645 190 0
11 SimYear 2007 11 1081.70527060692 177 0
12 SimYear 2007 12 1892.33782548637 240 0
13 SimYear 2007 13 2502.8575672553 239 0
14 SimYear 2007 14 3347.32375017239 225 0
15 SimYear 2007 15 5316.68046635473 254 0
16 SimYear 2007 16 6061.26874205459 223 0
17 SimYear 2007 17 8008.66101173176 216 0
18 SimYear 2007 18 8637.93734159589 189 0
19 SimYear 2007 19 12043.7089398958 230 0
20 SimYear 2007 20 11961.4015855014 201 0
21 SimYear 2007 21 9325.94958242744 151 0
22 SimYear 2007 22 14795.4743704768 221 0
23 SimYear 2007 23 12666.7152337747 184 0
24 SimYear 2007 24 14480.3117285909 215 0
25 SimYear 2007 25 12668.8987166585 198 0
26 SimYear 2007 26 10107.9171500199 167 0
27 SimYear 2007 27 9026.77665954836 159 0
28 SimYear 2007 28 7367.23439536237 140 0
29 SimYear 2007 29 6228.59712188329 124 0
30 SimYear 2007 30 5000.4287088701 101 0
31 SimYear 2007 31 4106.64162231724 87 0
32 SimYear 2007 32 3822.36860395498 86 0
33 SimYear 2007 33 3055.46318272392 74 0
34 SimYear 2007 34 2530.9181397841 64 0
35 SimYear 2007 35 2094.85223356047 54 0
36 SimYear 2007 36 1615.14046003356 44 0
37 SimYear 2007 37 1755.9915205817 50 0
38 SimYear 2007 38 1007.0070433774 30 0
39 SimYear 2007 39 835.136163757531 25 0
40 SimYear 2007 40 592.781819324228 19 0
41 SimYear 2007 41 760.165660247457 25 0
42 SimYear 2007 42 596.104492812469 20 0
43 SimYear 2007 43 422.232515582083 15 0
44 SimYear 2007 44 631.068880826029 23 0
45 SimYear 2007 45 1179.85101974614 46 0
46 SimYear 2007 46 1447.80051425606 59 0
47 SimYear 2007 47 1988.90531535826 85 0
48 SimYear 2007 48 2104.65300989065 99 0
49 SimYear 2007 49 2867.71463594899 143 0
50 SimYear 2007 50 2215.56342723869 123 0
51 SimYear 2007 51 2274.96423667641 135 0
52 SimYear 2007 52 1986.01777646818 130 0
53 SimYear 2008 1 2175.99803964751 155 0
54 SimYear 2008 2 1929.32083939825 156 0
55 SimYear 2008 3 1799.81491405336 161 0
56 SimYear 2008 4 1523.46321719052 146 0
57 SimYear 2008 5 1706.47392439154 184 0
58 SimYear 2008 6 1586.2668459481 191 0
59 SimYear 2008 7 1612.57434090912 197 0
60 SimYear 2008 8 1018.49625202909 124 0
61 SimYear 2008 9 1453.41160244174 162 0
62 SimYear 2008 10 2134.02094339952 190 0
63 SimYear 2008 11 2620.98498904473 177 0
64 SimYear 2008 12 5260.75547760621 240 0
65 SimYear 2008 13 7675.70826401939 239 0
66 SimYear 2008 14 10297.1104865317 225 0
67 SimYear 2008 15 16931.335498824 254 0
68 SimYear 2008 16 20684.0496504288 223 0
69 SimYear 2008 17 25384.3496774391 216 0
70 SimYear 2008 18 28165.3366376354 189 0
71 SimYear 2008 19 40294.9352250079 230 0
72 SimYear 2008 20 40053.2467722893 201 0
73 SimYear 2008 21 32147.2392103929 151 0
74 SimYear 2008 22 51050.9080777368 221 0
75 SimYear 2008 23 41562.4091498997 184 0
76 SimYear 2008 24 48474.0318876998 215 0
77 SimYear 2008 25 42769.9896989341 198 0
78 SimYear 2008 26 33778.0878219483 167 0
79 SimYear 2008 27 30537.742246714 159 0
80 SimYear 2008 28 25317.9340160479 140 0
81 SimYear 2008 29 21604.3630597223 124 0
82 SimYear 2008 30 16980.3072475529 101 0
83 SimYear 2008 31 13498.7545055048 87 0
84 SimYear 2008 32 12610.6226024303 86 0
85 SimYear 2008 33 10407.5747221976 74 0
86 SimYear 2008 34 8606.03500740431 64 0
87 SimYear 2008 35 7061.76596082902 54 0
88 SimYear 2008 36 5503.17533552548 44 0
89 SimYear 2008 37 5937.84124079168 50 0
90 SimYear 2008 38 3327.44133475406 30 0
91 SimYear 2008 39 2703.85643972371 25 0
92 SimYear 2008 40 1957.80358293194 19 0
93 SimYear 2008 41 2508.90699189132 25 0
94 SimYear 2008 42 1958.2392572685 20 0
95 SimYear 2008 43 1435.76245021905 15 0
96 SimYear 2008 44 2079.74951087027 23 0
97 SimYear 2008 45 4050.82906547263 46 0
98 SimYear 2008 46 4831.49837986358 59 0
99 SimYear 2008 47 6643.60112694829 85 0
100 SimYear 2008 48 7105.66498774573 99 0
101 SimYear 2008 49 9266.67715660771 143 0
102 SimYear 2008 50 7426.3860461977 123 0
103 SimYear 2008 51 7551.21303110368 135 0
104 SimYear 2008 52 6606.17700472495 130 0
105 SimYear 2009 1 7178.59713103569 155 0
106 SimYear 2009 2 6698.65090298175 156 0
107 SimYear 2009 3 6189.47740388612 161 0
108 SimYear 2009 4 5041.44148317501 146 0
109 SimYear 2009 5 5555.49273578112 184 0
110 SimYear 2009 6 5191.77761590519 191 0
111 SimYear 2009 7 4796.02521797261 197 0
112 SimYear 2009 8 2828.2630183748 124 0
113 SimYear 2009 9 3517.36121568403 162 0
114 SimYear 2009 10 4283.81172877882 190 0
115 SimYear 2009 11 4326.56598395235 177 0
116 SimYear 2009 12 6646.30312067216 240 0
117 SimYear 2009 13 8732.39730346809 239 0
118 SimYear 2009 14 10827.3205568809 225 0
119 SimYear 2009 15 15806.6335796727 254 0
120 SimYear 2009 16 18347.2062853781 223 0
121 SimYear 2009 17 21939.6908556168 216 0
122 SimYear 2009 18 24980.0868967022 189 0
123 SimYear 2009 19 36006.0556806408 230 0
124 SimYear 2009 20 33752.9985769986 201 0
125 SimYear 2009 21 26699.5824005901 151 0
126 SimYear 2009 22 41894.9491318865 221 0
127 SimYear 2009 23 34336.3034898306 184 0
128 SimYear 2009 24 39154.2413124233 215 0
129 SimYear 2009 25 35184.2439724204 198 0
130 SimYear 2009 26 27986.4897227696 167 0
131 SimYear 2009 27 25274.0411015776 159 0
132 SimYear 2009 28 21157.8753650715 140 0
133 SimYear 2009 29 17125.4479034815 124 0
134 SimYear 2009 30 13623.170593811 101 0
135 SimYear 2009 31 11347.6108605751 87 0
136 SimYear 2009 32 10310.815680918 86 0
137 SimYear 2009 33 8955.35527205687 74 0
138 SimYear 2009 34 7339.56125221076 64 0
139 SimYear 2009 35 5728.00999190402 54 0
140 SimYear 2009 36 4429.36397406455 44 0
141 SimYear 2009 37 4780.02596485909 50 0
142 SimYear 2009 38 2809.09308978422 30 0
143 SimYear 2009 39 2195.1093507664 25 0
144 SimYear 2009 40 1653.17155340942 19 0
145 SimYear 2009 41 2100.4090570976 25 0
146 SimYear 2009 42 1647.81501954779 20 0
147 SimYear 2009 43 1146.77777892472 15 0
148 SimYear 2009 44 1708.17532859002 23 0
149 SimYear 2009 45 3193.70956047291 46 0
150 SimYear 2009 46 3997.66284286874 59 0
151 SimYear 2009 47 5559.88653467716 85 0
152 SimYear 2009 48 5980.88150172278 99 0
153 SimYear 2009 49 7699.02912975782 143 0
154 SimYear 2009 50 6271.60069272434 123 0
155 SimYear 2009 51 6161.41427858376 135 0
156 SimYear 2009 52 5520.55315332356 130 0
157 SimYear 2010 1 5770.0681724428 155 0
158 SimYear 2010 2 5330.4375324163 156 0
159 SimYear 2010 3 5036.90476652543 161 0
160 SimYear 2010 4 4046.08914821559 146 0
161 SimYear 2010 5 4592.93437883435 184 0
162 SimYear 2010 6 4235.83474590699 191 0
163 SimYear 2010 7 3916.77023646612 197 0
164 SimYear 2010 8 2242.83792253055 124 0
165 SimYear 2010 9 2618.84808510115 162 0
166 SimYear 2010 10 2926.58065833776 190 0
167 SimYear 2010 11 2569.5136532885 177 0
168 SimYear 2010 12 3389.9069452815 240 0
169 SimYear 2010 13 3405.60211031096 239 0
170 SimYear 2010 14 3612.68391454436 225 0
171 SimYear 2010 15 4735.70329294552 254 0
172 SimYear 2010 16 4779.70380448233 223 0
173 SimYear 2010 17 5546.11356920419 216 0
174 SimYear 2010 18 5404.15545681765 189 0
175 SimYear 2010 19 7755.44675156481 230 0
176 SimYear 2010 20 7580.13999516221 201 0
177 SimYear 2010 21 5813.25851843231 151 0
178 SimYear 2010 22 9049.78358579263 221 0
179 SimYear 2010 23 7692.3798678933 184 0
180 SimYear 2010 24 8595.30329099957 215 0
181 SimYear 2010 25 7641.08919253378 198 0
182 SimYear 2010 26 6015.87168460727 167 0
183 SimYear 2010 27 5509.42317453156 159 0
184 SimYear 2010 28 4390.4753869174 140 0
185 SimYear 2010 29 3753.52714367189 124 0
186 SimYear 2010 30 2911.61757279549 101 0
187 SimYear 2010 31 2327.5935526706 87 0
188 SimYear 2010 32 2289.33848609447 86 0
189 SimYear 2010 33 1786.91578226118 74 0
190 SimYear 2010 34 1497.60038989721 64 0
191 SimYear 2010 35 1222.96790697756 54 0
192 SimYear 2010 36 977.868574191521 44 0
193 SimYear 2010 37 1013.73456646275 50 0
194 SimYear 2010 38 597.022460867187 30 0
195 SimYear 2010 39 468.975334761139 25 0
196 SimYear 2010 40 342.770774470744 19 0
197 SimYear 2010 41 437.746824706957 25 0
198 SimYear 2010 42 346.620072066982 20 0
199 SimYear 2010 43 251.456073527047 15 0
200 SimYear 2010 44 361.366429917931 23 0
201 SimYear 2010 45 705.889793183665 46 0
202 SimYear 2010 46 846.252652984433 59 0
203 SimYear 2010 47 1143.09342132089 85 0
204 SimYear 2010 48 1210.88432178444 99 0
205 SimYear 2010 49 1660.89962984229 143 0
206 SimYear 2010 50 1319.70329601279 123 0
207 SimYear 2010 51 1294.52214941773 135 0
208 SimYear 2010 52 1116.94397878938 130 0
