0
0
0
0
0
0
0
0
0
0.0316678239198754
0.0316678239198754
0.0316678239198754
0.0316678239198754
0.0688630962425404
0.0688630962425404
0.0688630962425404
0.0688630962425404
0.0688630962425404
0.0676574375489646
0.0676574375489646
0.0676574375489646
0.0676574375489646
0.0233359233745291
0.0233359233745291
0.0233359233745291
0.0233359233745291
0.0255577444520947
0.0255577444520947
0.0255577444520947
0.0255577444520947
0.0255577444520947
0.00320253362166575
0.00320253362166575
0.00320253362166575
0.00320253362166575
0.00464087984791539
0.00464087984791539
0.00464087984791539
0.00464087984791539
0
0
0
0
0
0.00146935081875592
0.00146935081875592
0.00146935081875592
0.00146935081875592
0
0
0
0
