# Minimum negative log likelihood

Minuit did successfully converge.
# of function calls: 1600
minimum function Value: 403.5330498472
minimum edm: 3.706110861518e-06
minimum internal state vector: LAVector parameters:
     -1.427244213732
     -1.287002217587
      -1.31051957867
     -1.230746903819
     -1.237976435923
 -0.0003053309868357
     -1.068098577609
    -0.2256662642209
     0.1602081177066
     0.5873485555311
      1.250062801021

minimum internal covariance matrix: LASymMatrix parameters:
  7.8144806e-06              0 -1.2931942e-06  -1.812374e-05  -1.780883e-05  1.2005859e-06 -9.3209884e-06 -7.5660558e-05 -0.00010904988 -0.00017312336 -0.00059408848
              0              2              0              0              0              0              0              0              0              0              0
 -1.2931942e-06              0  7.7752474e-05  3.3957809e-06  3.2907502e-06 -3.0282535e-07  1.1273186e-06  1.0653259e-05  1.6910154e-05  2.7128826e-05  9.3300578e-05
  -1.812374e-05              0  3.3957809e-06   4.988778e-05  4.8093985e-05 -2.9361889e-06  2.1029098e-05  0.00017829194  0.00025284832  0.00040114633   0.0013777564
  -1.780883e-05              0  3.2907502e-06  4.8093985e-05  4.6490091e-05 -2.8512503e-06  2.0829796e-05  0.00017465314  0.00024849829  0.00039426906   0.0013538157
  1.2005859e-06              0 -3.0282535e-07 -2.9361889e-06 -2.8512503e-06  9.1088166e-07 -2.3644147e-06 -1.1615824e-05 -1.6668217e-05 -2.6508045e-05 -8.6842015e-05
 -9.3209884e-06              0  1.1273186e-06  2.1029098e-05  2.0829796e-05 -2.3644147e-06  2.1876171e-05  9.0082303e-05  0.00013141629  0.00020853201  0.00069744076
 -7.5660558e-05              0  1.0653259e-05  0.00017829194  0.00017465314 -1.1615824e-05  9.0082303e-05  0.00074570854   0.0010536587   0.0016759921   0.0057505649
 -0.00010904988              0  1.6910154e-05  0.00025284832  0.00024849829 -1.6668217e-05  0.00013141629   0.0010536587   0.0015391563   0.0024141078   0.0082876786
 -0.00017312336              0  2.7128826e-05  0.00040114633  0.00039426906 -2.6508045e-05  0.00020853201   0.0016759921   0.0024141078   0.0038690197    0.013134595
 -0.00059408848              0  9.3300578e-05   0.0013777564   0.0013538157 -8.6842015e-05  0.00069744076   0.0057505649   0.0082876786    0.013134595    0.045760386


# ext. ||   Name    ||   type  ||     Value     ||  Error +/- 

   0   ||Targeted q || limited ||     0.5142961343756 ||0.01413909933014
   1   ||Nontargeted q || limited ||                   2 ||22.06548931833
   2   ||     sigma || limited ||      1.684060271647 ||0.08022875972608
   3   ||  Biomass1 || limited ||      28.63090877372 ||0.8328945007516
   4   ||  Biomass2 || limited ||      27.43759129927 ||0.7875810344922
   5   ||   vm_mean || limited || -0.0009592255702522 ||0.002120146159111
   6   ||  vm_sigma || limited ||      4.949498137118 ||0.06373578906682
   7   ||Recruit year 1 || limited ||      38.81832962888 ||0.9408398701173
   8   ||Recruit year 2 || limited ||      57.98038551372 ||1.368988443424
   9   ||Recruit year 3 || limited ||      77.71002305936 ||1.829830322706
  10   ||Recruit year 4 || limited ||      97.45047598043 ||2.37504425561





