1 -8.38701909397262
2 -3.66862774961534
3 -6.86419066591371
4 -2.26429608732729
5 2.83872974837393
6 3.88374060908434
7 6.75490401302856
8 8.06549822787139
9 11.1766758008618
10 15.1368159489403
11 16.5772691977028
12 15.309258351299
13 17.7131157951825
14 23.7145911653729
15 24.4849497117851
16 23.9794750181943
17 29.5708521545432
18 33.5370267791381
19 33.7617537889433
20 35.5453559683978
21 39.8892748776229
22 43.7533206364744
23 43.4555136847298
24 48.8402212236614
25 48.8038619277863
26 50.6755981501918
27 54.1573305295004
28 57.1114350019032
29 60.855002321558
30 61.6297012080461
31 63.0281456925697
32 67.1978641272968
33 69.3526951498927
34 72.0625551318792
35 73.4269969066247
36 72.9015449820588
37 76.5979672012908
38 78.2897448965472
39 80.5491594553644
40 83.8543011520874
41 86.9360893257599
42 88.8976814758316
43 88.9172261170815
44 94.2079302332125
45 98.0894745234716
46 98.998307914061
47 102.218179739463
48 105.996412060947
49 106.002423520645
50 108.63738725733
1 -7.01338816473781
2 -4.95671620961858
3 -6.58703630892214
4 -2.87103058311229
5 0.956744691417901
6 2.79881944477593
7 5.55311012046501
8 11.0332608577911
9 10.5164232462729
10 13.1295469474749
11 14.7484309432071
12 22.1886841419792
13 18.4337584126175
14 23.1166849789369
15 24.779077424818
16 27.7973238799906
17 29.4015138947663
18 31.7824140077475
19 33.8143417444763
20 36.7077534642787
21 40.1458115961042
22 44.0827073047961
23 45.4134654133708
24 46.3453958736904
25 49.3170720534636
26 51.3054774546627
27 52.2241562533574
28 58.9210259028484
29 58.4089482446154
30 60.9693731591408
31 62.906619480704
32 64.3661370534376
33 66.9276896447268
34 68.868820153069
35 72.2107602497703
36 73.5596974557841
37 77.4408754535516
38 78.9886642800411
39 82.3228961998621
40 80.8789934610715
41 84.8041427680958
42 88.5608036376592
43 89.4884294904285
44 91.5661753759614
45 95.8001907102468
46 98.0317274817617
47 99.1007910876296
48 101.725954096552
49 104.832089785581
50 107.886283680985
