# Minimum negative log likelihood

WARNING: Minuit did not converge.

# of function calls: 2825
minimum function Value: 397.8894154852
minimum edm: 0.01237533974898
minimum internal state vector: LAVector parameters:
   -0.03618520795854
     -1.418435553436
     -1.287002217587
     -1.314068849201
     -1.250976596655
     -1.257637148039
     -1.064763977491
    -0.3211555353394
    0.02474030170981
     0.3807745596647
     0.8002363510558
 -0.0004708139094996
  -0.001021767055387
 -0.0002071639148814
  -0.001209298996637

minimum internal covariance matrix: LASymMatrix parameters:
  0.00051017722 -8.3304147e-05              0  -1.973951e-06  0.00018665173  0.00018126662 -7.6621203e-05  0.00089635285   0.0012704608   0.0018170986    0.002966243  1.2678901e-05  1.0950031e-05  1.0190661e-05  7.5381827e-06
 -8.3304147e-05  1.9840575e-05              0  1.3881291e-06  -4.353367e-05 -4.2365726e-05  4.2548183e-06 -0.00019593923 -0.00027749329 -0.00039622204 -0.00065887695 -1.3223686e-06 -1.2767754e-06 -1.2353723e-06 -8.9681265e-07
              0              0              2              0              0              0              0              0              0              0              0              0              0              0              0
  -1.973951e-06  1.3881291e-06              0  8.7581292e-05 -1.0544949e-06 -1.2212569e-06 -2.3208459e-06 -1.3137706e-05 -1.6866287e-05 -2.5491496e-05  -4.414832e-05  4.3814266e-07 -2.0839372e-07  5.6234617e-08 -2.4031984e-08
  0.00018665173  -4.353367e-05              0 -1.0544949e-06  0.00010304259   9.943575e-05  -1.204229e-05  0.00043388667  0.00061130034  0.00087266615   0.0014499107  2.8065331e-06   2.875404e-06  2.8958055e-06  2.1503534e-06
  0.00018126662 -4.2365726e-05              0 -1.2212569e-06   9.943575e-05  9.6070579e-05 -1.1366117e-05  0.00042166404  0.00059463352  0.00084899579   0.0014105433  2.7887048e-06  2.7913545e-06  2.7954624e-06  2.0736301e-06
 -7.6621203e-05  4.2548183e-06              0 -2.3208459e-06  -1.204229e-05 -1.1366117e-05  3.3579091e-05 -6.9168583e-05 -9.7681333e-05 -0.00013960078 -0.00021792862 -3.1381311e-06 -2.7040108e-06 -2.4944937e-06 -1.9241106e-06
  0.00089635285 -0.00019593923              0 -1.3137706e-05  0.00043388667  0.00042166404 -6.9168583e-05   0.0019795892   0.0027867189   0.0039834327    0.006600688  1.6248481e-05  1.5467934e-05   1.446991e-05  1.0613828e-05
   0.0012704608 -0.00027749329              0 -1.6866287e-05  0.00061130034  0.00059463352 -9.7681333e-05   0.0027867189   0.0039625343   0.0056414534    0.009350245  2.2710777e-05  2.1574293e-05  2.1012474e-05  1.4964124e-05
   0.0018170986 -0.00039622204              0 -2.5491496e-05  0.00087266615  0.00084899579 -0.00013960078   0.0039834327   0.0056414534   0.0080760649    0.013358605  3.3389419e-05  3.0579138e-05  2.9262588e-05  2.1973331e-05
    0.002966243 -0.00065887695              0  -4.414832e-05   0.0014499107   0.0014105433 -0.00021792862    0.006600688    0.009350245    0.013358605    0.022221881  5.2654318e-05  4.9543016e-05  4.7305266e-05  3.6293946e-05
  1.2678901e-05 -1.3223686e-06              0  4.3814266e-07  2.8065331e-06  2.7887048e-06 -3.1381311e-06  1.6248481e-05  2.2710777e-05  3.3389419e-05  5.2654318e-05  8.4125467e-07  3.7776084e-07  2.9198514e-07   2.582126e-07
  1.0950031e-05 -1.2767754e-06              0 -2.0839372e-07   2.875404e-06  2.7913545e-06 -2.7040108e-06  1.5467934e-05  2.1574293e-05  3.0579138e-05  4.9543016e-05  3.7776084e-07   5.463817e-07  2.9989092e-07  1.8968867e-07
  1.0190661e-05 -1.2353723e-06              0  5.6234617e-08  2.8958055e-06  2.7954624e-06 -2.4944937e-06   1.446991e-05  2.1012474e-05  2.9262588e-05  4.7305266e-05  2.9198514e-07  2.9989092e-07  4.5155558e-07  1.8297018e-07
  7.5381827e-06 -8.9681265e-07              0 -2.4031984e-08  2.1503534e-06  2.0736301e-06 -1.9241106e-06  1.0613828e-05  1.4964124e-05  2.1973331e-05  3.6293946e-05   2.582126e-07  1.8968867e-07  1.8297018e-07  3.2649151e-07


# ext. ||   Name    ||   type  ||     Value     ||  Error +/- 

   0   ||Natural mortality || limited ||    0.04409556720394 ||0.0003990089981416
   1   ||Targeted q || limited ||      0.579223331575 ||0.02390138178724
   2   ||Nontargeted q || limited ||                   2 ||22.06548931833
   3   ||     sigma || limited ||      1.638694811301 ||0.08401342452339
   4   ||  Biomass1 || limited ||      25.35394523592 ||1.128329401046
   5   ||  Biomass2 || limited ||      24.31745780541 ||1.067554563494
   6   ||  vm_sigma || limited ||      5.013955341913 ||0.07944295580188
   7   ||Recruit year 1 || limited ||      34.22341704469 ||1.492226577692
   8   ||Recruit year 2 || limited ||      51.24176520791 ||2.223933248203
   9   ||Recruit year 3 || limited ||      68.58512501389 ||2.947430363055
  10   ||Recruit year 4 || limited ||       85.8774493077 ||3.663884089536
  11   ||Mean Rec dist 1 || limited ||  -0.004708138921057 ||0.006485577726982
  12   ||Mean Rec dist 2 || limited ||   -0.01021766877598 ||0.00522676326246
  13   ||Mean Rec dist 3 || limited ||  -0.002071639133996 ||0.004751607762197
  14   ||Mean Rec dist 4 || limited ||    -0.0120929870189 ||0.004040365174708



WARNING: FunctionMinimum is invalid: 
	 Reached call limit


