# Minimum negative log likelihood

WARNING: Minuit did not converge.

# of function calls: 2846
minimum function Value: 398.1153923258
minimum edm: 0.0668874267504
minimum internal state vector: LAVector parameters:
    -0.0446732212263
     -1.416289791005
     -1.287002217587
     -1.314093358787
     -1.255499521223
     -1.262037412805
      -1.06436416127
     -0.341976005649
  -0.004480953700285
      0.339051136699
     0.7315770164211
 -0.0005289320977219
  -0.001152907650655
 -0.0003217681357401
  -0.001354327168902

minimum internal covariance matrix: LASymMatrix parameters:
  0.00021915897 -2.5353437e-05              0 -1.1889919e-05   5.879659e-05  5.6747794e-05 -4.8501663e-05  0.00029309859  0.00041019587  0.00058740406  0.00089438687  6.4590163e-06  4.7725928e-06  5.7832754e-06  4.3895666e-06
 -2.5353437e-05  9.1084703e-06              0  2.8631807e-06 -2.1291465e-05 -2.0440258e-05 -1.8766553e-06 -8.1213813e-05 -0.00011301222 -0.00016128697 -0.00025694259 -2.1811862e-08 -1.0476884e-07 -3.0442288e-07 -3.8837985e-07
              0              0              2              0              0              0              0              0              0              0              0              0              0              0              0
 -1.1889919e-05  2.8631807e-06              0  8.7405501e-05 -3.0288514e-06 -3.3810694e-06  2.3629293e-06 -2.8624906e-05 -3.9276504e-05 -5.6378919e-05 -8.9062384e-05   4.938548e-08 -8.8603877e-07 -3.7828992e-07 -2.6935483e-07
   5.879659e-05 -2.1291465e-05              0 -3.0288514e-06  5.9894433e-05  5.6383952e-05  3.1942933e-06  0.00019258655  0.00026441788    0.000375608  0.00060097553 -9.2072229e-07   4.459407e-08  7.7398773e-07  1.1018524e-06
  5.6747794e-05 -2.0440258e-05              0 -3.3810694e-06  5.6383952e-05  5.3220014e-05  3.2460141e-06  0.00018454788  0.00025404236  0.00036096084  0.00057713992 -7.1888141e-07  7.2523526e-08  7.4364325e-07  1.0333651e-06
 -4.8501663e-05 -1.8766553e-06              0  2.3629293e-06  3.1942933e-06  3.2460141e-06  3.3068469e-05 -7.6600701e-06 -1.0429972e-05 -1.6762724e-05 -1.5212231e-05 -2.2037325e-06 -1.9668654e-06  -2.000018e-06 -1.6490764e-06
  0.00029309859 -8.1213813e-05              0 -2.8624906e-05  0.00019258655  0.00018454788 -7.6600701e-06  0.00076496057   0.0010500589   0.0014996348    0.002375383   2.722816e-06  3.2698941e-06  5.0696067e-06  5.2580178e-06
  0.00041019587 -0.00011301222              0 -3.9276504e-05  0.00026441788  0.00025404236 -1.0429972e-05   0.0010500589   0.0014748242   0.0020880526   0.0033035087  4.2775864e-06  4.3755835e-06  7.3742051e-06  7.0596317e-06
  0.00058740406 -0.00016128697              0 -5.6378919e-05    0.000375608  0.00036096084 -1.6762724e-05   0.0014996348   0.0020880526   0.0029997967   0.0047212337  6.4795115e-06  5.9178227e-06  9.9456476e-06  1.0299736e-05
  0.00089438687 -0.00025694259              0 -8.9062384e-05  0.00060097553  0.00057713992 -1.5212231e-05    0.002375383   0.0033035087   0.0047212337   0.0075286099  8.6587011e-06  8.4850388e-06  1.4593821e-05  1.6574573e-05
  6.4590163e-06 -2.1811862e-08              0   4.938548e-08 -9.2072229e-07 -7.1888141e-07 -2.2037325e-06   2.722816e-06  4.2775864e-06  6.4795115e-06  8.6587011e-06   7.574116e-07  2.2620063e-07   1.806428e-07  1.4081254e-07
  4.7725928e-06 -1.0476884e-07              0 -8.8603877e-07   4.459407e-08  7.2523526e-08 -1.9668654e-06  3.2698941e-06  4.3755835e-06  5.9178227e-06  8.4850388e-06  2.2620063e-07  4.1491346e-07  2.1858093e-07  1.4662517e-07
  5.7832754e-06 -3.0442288e-07              0 -3.7828992e-07  7.7398773e-07  7.4364325e-07  -2.000018e-06  5.0696067e-06  7.3742051e-06  9.9456476e-06  1.4593821e-05   1.806428e-07  2.1858093e-07  4.0525165e-07  1.7998028e-07
  4.3895666e-06 -3.8837985e-07              0 -2.6935483e-07  1.1018524e-06  1.0333651e-06 -1.6490764e-06  5.2580178e-06  7.0596317e-06  1.0299736e-05  1.6574573e-05  1.4081254e-07  1.4662517e-07  1.7998028e-07  3.5041455e-07


# ext. ||   Name    ||   type  ||     Value     ||  Error +/- 

   0   ||Natural mortality || limited ||    0.04388354090811 ||0.000261434678984
   1   ||Targeted q || limited ||     0.5956204234469 ||0.01642082401691
   2   ||Nontargeted q || limited ||                   2 ||22.06548931833
   3   ||     sigma || limited ||      1.638383656237 ||0.08392123283271
   4   ||  Biomass1 || limited ||      24.64780910948 ||0.8484884884635
   5   ||  Biomass2 || limited ||      23.64427982121 ||0.7837682248754
   6   ||  vm_sigma || limited ||       5.02170984865 ||0.07889349193788
   7   ||Recruit year 1 || limited ||       33.2392103263 ||0.9210804917115
   8   ||Recruit year 2 || limited ||      49.78097546945 ||1.3574503849
   9   ||Recruit year 3 || limited ||      66.63295688026 ||1.825547570734
  10   ||Recruit year 4 || limited ||      83.40385765721 ||2.281079929663
  11   ||Mean Rec dist 1 || limited ||  -0.005289320730588 ||0.006153906448796
  12   ||Mean Rec dist 2 || limited ||   -0.01152907395249 ||0.004554738612904
  13   ||Mean Rec dist 3 || limited ||  -0.003217681301876 ||0.004501397474249
  14   ||Mean Rec dist 4 || limited ||   -0.01354326754884 ||0.004185772875367



WARNING: FunctionMinimum is invalid: 
	 Reached call limit


