0.00438131254900152
0.0033666928008117
0.0019370013374533
0.00133745330443204
0.00290550200617996
0.00359728819812757
0.00272102568832726
0.00322833556242217
0.00387400267490661
0.00553428953558087
0.00931605405156113
0.0101923165613614
0.0120831988193516
0.0167412258451321
0.0195544896923857
0.0204768712816492
0.0202001568048702
0.0219526818244708
0.0240280404003136
0.0237974450029977
0.0199695614075543
0.028363233869852
0.0240741594797768
0.0247659456717244
0.0288705437439469
0.0221832772217867
0.0172946547986902
0.028639948346631
0.0332057372134852
0.0309920213992529
0.03182216482959
0.0335746898491906
0.0340819997232855
0.0370336208089287
0.0372642162062445
0.032098879306369
0.0326984273393903
0.0355578102661071
0.0330673799750957
0.0313148549554951
0.0303463542867684
0.0232901351289028
0.024673707512798
0.0225983489369552
0.0197850850897016
0.0168795830835217
0.0139740810773417
0.0131900567264677
0.0113452935479408
0.00664114744269704
0.00544205137665452
0.00373564543651709
