1 60639.4 131.8
2 45237.6 158
3 53281.8 154.6
4 40035.8 126
5 50993.5 165.4
6 55845.4 188.9
7 53017.1 165.7
8 33677.7 111.1
9 44835.1 141.1
10 42711.2 187.6
11 31334.4 194.4
12 46694.4 219.6
13 145978.7 212.8
14 121137.8 218.4
15 160429.6 251.7
16 160813 181
17 170319.1 230.1
18 137268 226.4
19 157907.5 249.9
20 180733.7 199.2
21 138865.2 126.9
22 194358.5 236.9
23 132400.9 212.7
24 190873.2 217.5
25 174320.6 232.9
26 129552.9 136.1
27 133775 160.3
28 85977.9 127.8
29 75874.3 139.9
30 61631 101.4
31 59697.6 95.2
32 54978.2 78.8
33 45438.6 88
34 39861.8 57
35 35928.3 58.5
36 26877.6 46.4
37 34889.7 43.9
38 19157.9 27.5
39 14867.7 22.7
40 8969.7 19.2
41 13956.7 20.2
42 9901.4 18.4
43 8184.9 16.4
44 10484.8 23.1
45 24849 40.1
46 25699 68.3
47 41171.8 84.4
48 36061.6 108.2
49 47237 123.4
50 42642 124.2
51 44977 136.2
52 44281.8 124.5
53 47173.6 132.7
54 59569.1 148.2
55 55914.2 177.2
56 39366.3 152.2
57 44772.2 216
58 43520.4 226.3
59 58689 222
60 36758.3 117.2
61 34156.1 171.7
62 48451.5 177.6
63 33854.4 176.4
64 42612.7 253.8
65 130665.2 262.3
66 155250.4 202.1
67 167366.9 259.6
68 174478.7 256.8
69 143677.3 248.3
70 129112.4 189.2
71 167379.1 203.7
72 168141.5 189.2
73 124027.9 155
74 150146.3 203.7
75 146311.3 191.7
76 153083.4 256.9
77 125140.1 204.9
78 127051.4 142.5
79 128157.9 161.9
80 92645.6 112.8
81 82423.2 137.3
82 71441.6 109.5
83 49023 92.4
84 61827.9 71.6
85 47061.8 70
86 46427 68.6
87 38008.1 45.4
88 30222.6 42.1
89 35354 43.3
90 17348.9 34.1
91 13214.1 23.7
92 10353.5 20.1
93 11077.2 24.1
94 10792.2 19.6
95 8084.6 15.2
96 12682.1 22.9
97 21453.1 43.8
98 29394.7 56.4
99 33896.8 82.2
100 41692.4 115.4
101 53490.4 143
102 53864.3 122.5
103 59553.8 152.3
104 46510.5 133
105 60144.8 173.3
106 60256.2 161.8
107 44144.7 171.1
108 46341.1 160.6
109 57721.4 169.7
110 56651.2 192.4
111 53595.8 230.3
112 29220 144.7
113 32207.9 150.8
114 47394.7 193.2
115 42934.7 184.6
116 58137.6 199.6
117 126283.2 229.1
118 136125.4 241.3
119 145689.7 211.9
120 179014.7 200.2
121 167259.6 189.2
122 121080.1 201.8
123 200139.3 249.9
124 134676.2 167.3
125 137844.1 153.2
126 184851.7 182.5
127 147273.8 205.5
128 190148.4 204.6
129 145818.2 197.7
130 147599.5 190.1
131 125299.4 185.2
132 118588.1 112.1
133 103135.5 137.1
134 65837.4 93.2
135 62229.1 71.7
136 64605.4 102.3
137 52834.2 81.6
138 41268.3 70
139 34505 49.6
140 30404.1 36.9
141 34251.2 46.2
142 15866.5 30.7
143 16581.2 25.4
144 12299.3 21.9
145 15472 23.7
146 11228.8 23.2
147 8563.1 17.4
148 9363.7 24.2
149 25281.9 39.6
150 26549.2 66.4
151 36892.2 93.5
152 47597.6 79.3
153 61268.2 120.6
154 51454 123.2
155 41453.2 159.3
156 54279 132.8
157 60867.8 173.2
158 55296.5 156.6
159 44121.2 190.2
160 48798.1 169.8
161 50337.5 165.7
162 54076.8 227
163 45965.5 175.9
164 25194.7 139.7
165 37721.9 150.9
166 36574.9 168.5
167 31418.6 177.8
168 46664.6 274.7
169 141041.6 230.5
170 145325.4 185.1
171 192337.3 224.6
172 163287.3 240.6
173 144094.8 254.9
174 119709.3 168.8
175 181668.2 256.9
176 140076.4 191.4
177 124272 128.2
178 151004.5 200.9
179 147933.3 147.3
180 182541 195.1
181 153738.7 228.1
182 105693.5 144.9
183 122928.2 183.8
184 99488 136.8
185 76897.6 137.9
186 79960.7 98.9
187 58703 83
188 55124.7 75.2
189 44010.5 75.2
190 35932.1 64.4
191 36545.1 51.9
192 27374.4 36
193 27540.7 55.2
194 18205.6 34.1
195 12366.5 25.5
196 9140.9 21.3
197 13668.2 21.9
198 12087.9 21.6
199 9017.9 12.1
200 9532.1 20.9
201 19424.9 41
202 26111.5 52.2
203 36284.3 96.5
204 44031.1 87.2
205 52165.7 168.3
206 51093.4 127.9
207 52035.1 140.8
208 48832.7 111.9
209 57825.1 129.5
210 44300.1 179.4
211 55622.3 150.9
212 38957.7 118.3
213 53913.8 175.5
214 60620 171.5
215 44774.5 235.1
216 31604.7 141.6
217 34155.8 160.4
218 35610.9 176.1
219 36573.1 181.5
220 49533.8 267
221 130634.4 224.1
222 129910.7 232.1
223 178536.1 251.7
224 151681.9 181.8
225 170991.9 250.8
226 148008.8 151.7
227 198854.3 260.9
228 160204.9 174.7
229 117129.2 154.1
230 194979.8 261.7
231 122593.3 187.5
232 172900.5 199.7
233 132317.7 198.4
234 112152.2 190.8
235 114668.2 131.6
236 121055.4 126.1
237 83016.7 117.5
238 77345.1 103.6
239 61850.3 77.1
240 66865.8 78.4
241 58122.5 79.8
242 36398.9 67.7
243 35057.4 60.3
244 30175.1 40
245 34626.9 48.1
246 16498.1 33.6
247 15990.3 27
248 10831 17.8
249 11502.9 29.4
250 9916.2 22.5
251 6473.2 17.4
252 12793.8 24.9
253 21949.2 49.7
254 31991.4 64.5
255 41687.1 72.7
256 35333.8 110.7
257 62749.7 142.9
258 52569.4 138.8
259 57507.1 125.1
260 49941.9 133.6
261 56293.6 131.4
262 48098.3 157.7
263 57854.4 155.4
264 42983.6 127.9
265 59365.9 199.8
266 52470.4 164.1
267 44428.8 194.7
268 25311 127.5
269 40253.4 147.6
270 47136.3 155.5
271 35805 164
272 45075.6 280.9
273 122512.8 270.8
274 156467.4 205.3
275 183012.5 224.3
276 144535.8 199.9
277 170701 213.4
278 134262.4 182.1
279 171690 262.7
280 182348.4 171.9
281 129911.2 168
282 160546.9 259.3
283 159224.2 219
284 148463.7 177.9
285 127849.6 187.5
286 139575.8 187.5
287 137544.4 175.4
288 104942.6 146.6
289 83620.7 125.1
290 60266.4 105.2
291 54653.7 77.8
292 54481.4 95.4
293 48121.1 84.5
294 41155 52.3
295 33757.2 63.5
296 29541.9 51.2
297 30060.4 54.5
298 17994.8 34.9
299 15297.3 21.9
300 11491.3 15.4
301 12814.2 23.1
302 10212.4 17.5
303 6507.1 14.1
304 12078.9 22.2
305 22370.3 53.8
306 27788.3 67.6
307 40194.3 94.6
308 37092.7 108.2
309 53493.7 122.7
310 41537.5 143.3
311 60208.5 131.5
312 39800.2 118.4
313 44164.7 147.6
314 59210.5 128.7
315 47107.9 132.4
316 37442.7 134
317 45703.8 153.1
318 48096.5 226
319 47923.6 197
320 28404.4 113
321 35191.6 139.6
322 48300.9 197.8
323 46066.7 207.9
324 53004.2 204.6
325 112169.8 193.3
326 134865.3 219.2
327 165453.5 277
328 167197.3 247.3
329 180534 238.7
330 134821.9 216.6
331 174098.9 229.6
332 162282.4 203.2
333 120164.2 160.6
334 165414.9 187.1
335 154437.1 214.8
336 159524.9 242.2
337 170108.3 167.9
338 147488.7 166.6
339 117206.6 152.8
340 95091.1 159.1
341 100405.8 148.1
342 71810.9 103.6
343 67192.2 77.3
344 64686.4 99.5
345 53221.5 84.1
346 44616.4 62.8
347 34158.8 46.6
348 27900.5 41
349 34243.6 40.5
350 16687.1 35.2
351 15009.7 22.1
352 11066.4 20
353 13835.9 27.1
354 8502.1 23.3
355 8092.6 16.5
356 11444.2 21.1
357 20391.3 48.2
358 25506 70.1
359 31608 99.1
360 44822.4 112.5
361 61826.6 121.9
362 40113.7 134.9
363 41948.3 132.9
364 45798.4 111.3
365 58697.8 155
366 58552.4 135.8
367 53030.3 173.1
368 50244.2 142.9
369 45203.6 151.3
370 61906.1 192.6
371 51837.4 198.9
372 27079.2 110.9
373 44199 174.8
374 41554.3 225.1
375 32021.1 170.5
376 41401.6 246.6
377 152780.9 285.1
378 150675.4 249.6
379 142415.1 288.5
380 142318 211.2
381 179780.6 175.2
382 148999.4 221.5
383 202752.9 185.4
384 135812.3 209
385 133981.2 121.1
386 191451.4 253.4
387 128361.1 213.6
388 172192.4 208.4
389 157249.1 216.1
390 128205.9 184.3
391 100062.7 160.7
392 99674.7 148.1
393 93351 107.2
394 68508.9 102.4
395 54868.7 75.5
396 69474.6 74
397 54291.4 67
398 48319 76.2
399 36857.8 63.9
400 29006 37.3
401 27378.4 40.6
402 15680.9 32.2
403 13637.4 20.8
404 10851.7 16.3
405 13680.9 20.3
406 8508.3 21.5
407 7078.3 12.4
408 12790.2 18.6
409 19128.9 54.2
410 31597.2 50.5
411 36150.8 88.1
412 49023.5 109.4
413 49804.4 165.8
414 49600.3 109.4
415 46869.5 114.8
416 54983.1 142.8
417 55236 131.4
418 45484.8 155.2
419 56355.5 133.6
420 38637.2 132.7
421 43350 185.3
422 42199.9 155.2
423 48921.1 226.1
424 25757.6 115.2
425 32862.7 185.2
426 36926.7 220.4
427 33788 172.4
428 53866.6 255.9
429 114491.2 261.1
430 133041.9 191.4
431 198200.6 272.2
432 137464.2 240.6
433 163928.5 174.7
434 137390.1 153
435 184971.9 254
436 171420.7 237.7
437 133565 127.3
438 164714.4 186.8
439 160099.1 157.1
440 199122.9 185.5
441 161399.1 237
442 125949.3 184.8
443 125779.2 156.7
444 104513.5 164.6
445 91842.8 140.9
446 67548.5 95.1
447 56303.7 82.4
448 66427.2 78.5
449 43876.8 78.6
450 37229.3 70.4
451 33779.4 61.4
452 30706.6 52.3
453 29307.5 50.7
454 18835.9 35.8
455 13226.3 29.1
456 10982 17.3
457 14079.9 20.5
458 11099.1 18.8
459 8425.5 15.1
460 12530.2 19.2
461 25257.7 37.3
462 30758.5 55.1
463 37798.7 94.9
464 43860.4 104.7
465 61867.1 171.3
466 47493 120.6
467 46206.1 108.8
468 38853.6 126.5
469 55839.1 179.2
470 57620.6 148.7
471 56549.9 162.4
472 45933.5 138.7
473 51276.2 211.9
474 46084.3 200.8
475 53289 200.5
476 27239.4 130.9
477 34364.4 143.7
478 48208.9 217.7
479 33387.3 156.3
480 50637.4 269.6
481 125291.6 227
482 146233.8 256
483 184566.6 299.5
484 172356.6 250.8
485 166636.7 204.8
486 132968.9 185.5
487 165292.7 276
488 173387.4 211
489 104246.4 178.4
490 168257.7 211.3
491 160264.4 216.4
492 162838.4 227.3
493 177493.4 235.9
494 118639.7 168.8
495 141234.4 181.4
496 118797.4 133.4
497 100543.5 104.9
498 66659.3 85.6
499 70394.7 104.2
500 61803.1 90.8
501 45725.1 69.4
502 48456.9 67.5
503 29840.8 49.2
504 30583.4 42
505 26759.3 58.1
506 16334.9 31.3
507 16359.4 28.9
508 10222.3 19.7
509 13717.6 27.2
510 10375.5 21
511 7827.5 15.7
512 9832.7 22
513 18528.1 37.8
514 27448.2 65.2
515 37487.5 91.1
516 37386 114
517 67315.5 145.8
518 42304.6 127.7
519 51134.1 127.2
520 42204.7 139.7
