1 22161.2526775287 155
2 21390.5915255089 156
3 21148.0252118317 161
4 18359.2401648843 146
5 22120.7020244778 184
6 21915.5917854174 191
7 21559.0595680645 197
8 12962.4465571171 124
9 16191.5315261473 162
10 18129.9703401221 190
11 16123.9591734993 177
12 20859.1555797554 240
13 19810.4137810917 239
14 17832.8711686164 225
15 19324.9297753507 254
16 16417.5477773434 223
17 15619.0384511101 216
18 13743.4464035582 189
19 17382.6498198148 230
20 16476.1958131215 201
21 14088.4545372303 151
22 24411.6041327154 221
23 24680.3219383607 184
24 35316.2180384432 215
25 39528.1648657791 198
26 39807.6287377563 167
27 44140.6790491428 159
28 44020.6993051222 140
29 42969.0522268713 124
30 37623.2092118634 101
31 34100.8254357596 87
32 34839.4873166659 86
33 30551.0838452103 74
34 26648.5583407888 64
35 22503.2009887358 54
36 18248.5580388686 44
37 20545.7265349385 50
38 12174.6673144418 30
39 9997.68171673026 25
40 7471.92246460633 19
41 9648.56658356364 25
42 7561.63157497051 20
43 5548.30072763754 15
44 8310.46477031023 23
45 16202.4152881764 46
46 20215.4672028054 59
47 28271.9181347612 85
48 31900.1495473551 99
49 44531.8023432729 143
50 36962.2647127268 123
51 39122.6506688841 135
52 36295.5384272 130
53 41640.3138544768 155
54 40270.0041234753 156
55 39902.2724428667 161
56 34727.2157393602 146
57 41954.8133281522 184
58 41679.5974797125 191
59 41109.1578754792 197
60 24775.4393763404 124
61 31009.0790760336 162
62 34776.0780162932 190
63 30963.1550357898 177
64 40083.075241932 240
65 38073.3880954775 239
66 34253.6511340991 225
67 37058.1066594009 254
68 31372.9302439064 223
69 29653.5924346653 216
70 25806.1458855044 189
71 32090.1090523559 230
72 29718.2751137249 201
73 24716.6058363228 151
74 41614.4849741178 221
75 40979.681206878 184
76 57376.4640728444 215
77 63147.6756524515 198
78 62806.9678184979 167
79 69018.8015090121 159
80 68387.463737813 140
81 66444.2670336207 124
82 57982.5885274787 101
83 52424.8589737362 87
84 53462.181894713 86
85 46815.8239677798 74
86 40790.7541548907 64
87 34414.8205677741 54
88 27887.3637600705 44
89 31377.9695922039 50
90 18583.1717010885 30
91 15252.7669184385 25
92 11394.3661492402 19
93 14707.78550839 25
94 11522.3789961812 20
95 8451.66366802307 15
96 12655.3714426509 23
97 24666.4822995728 46
98 30767.9523309486 59
99 43019.5766606951 85
100 48529.7209608659 99
101 67732.5628356629 143
102 56209.0203260564 123
103 59484.585153522 135
104 55178.181620878 130
105 63295.9125025859 155
106 61207.0593353473 156
107 60643.7677085975 161
108 52776.0309730487 146
109 63757.9000181557 184
110 63338.1081202083 191
111 62469.7229591854 197
112 37647.6544138498 124
113 47117.6157510424 162
114 52837.3418647533 190
115 47038.4678887398 177
116 60881.6689204898 240
117 57811.084570953 239
118 51983.0465872653 225
119 56185.0281795265 254
120 47483.7560205237 223
121 44746.4816915804 216
122 38745.539455563 189
123 47807.4075117649 230
124 43795.4843528934 201
125 35939.6488147415 151
126 59642.5554141432 221
127 57929.6316871559 184
128 80156.6957600004 215
129 87394.9287075113 198
130 86308.1581721792 167
131 94350.2546828954 159
132 93133.1842731386 140
133 90238.4131031428 124
134 78589.0410965483 101
135 70951.4960329634 87
136 72275.6011959301 86
137 63236.8981773684 74
138 55061.8185585114 64
139 46430.1251541233 54
140 37606.7704042115 44
141 42297.6023245562 50
142 25041.7206133273 30
143 20547.6798285028 25
144 15345.7245561591 19
145 19803.3469023178 25
146 15510.8968977373 20
147 11374.9242456423 15
148 17029.4193289488 23
149 33186.1611795223 46
150 41388.4053459979 59
151 57860.3729341736 85
152 65262.2132059841 99
153 91073.7955203639 143
154 75569.3730781694 123
155 79962.94396903 135
156 74164.3963724591 130
157 85063.8474346377 155
158 82244.8341102123 156
159 81475.4924271129 161
160 70893.6816687893 146
161 85631.3023335277 184
162 85053.3571015671 191
163 83873.8184047423 197
164 50539.3811583016 124
165 63243.5152902597 162
166 70911.8589778263 190
167 63121.4901299847 177
168 81686.5441854739 240
169 77552.4165433474 239
170 69714.3819576365 225
171 75313.1684805282 254
172 63595.1717048479 223
173 59839.686002463 216
174 51685.086524406 189
175 63524.8118711619 230
176 57872.7474692808 201
177 47162.7161970357 151
178 77670.6481823149 221
179 74879.594210165 184
180 102936.936862101 215
181 111642.187700877 198
182 109809.352000588 167
183 119681.710140783 159
184 117878.906151774 140
185 114032.55989906 124
186 99195.4939437753 101
187 89478.1330921907 87
188 91089.0204971472 86
189 79657.9723869569 74
190 69332.8829621322 64
191 58445.4297404725 54
192 47326.1770483525 44
193 53217.2350569084 50
194 31500.2695255661 30
195 25842.5927385672 25
196 19297.082963078 19
197 24898.9082962456 25
198 19499.4147992934 20
199 14298.1848232614 15
200 21403.4672152467 23
201 41705.8400594718 46
202 52008.8583610471 59
203 72701.1692076522 85
204 81994.7054511023 99
205 114415.028205065 143
206 94929.7258302823 123
207 100441.302784538 135
208 93150.6111240402 130
