1 BiologicalYear 1989 1 1370 27.7597350287202 68.3316554553112
2 BiologicalYear 1989 2 1222 20.6418542521252 50.5369535138239
3 BiologicalYear 1989 3 1072 23.4890065627632 52.6723177468023
4 BiologicalYear 1989 4 1373 36.301191960634 71.8905958436086
5 BiologicalYear 1989 5 1465 42.6660215826037 92.5943447111825
6 BiologicalYear 1989 6 1508 40.8504461961099 90.7787693246887
7 BiologicalYear 1989 7 1775 46.2971723555913 55.3750492880601
8 BiologicalYear 1989 8 3099 68.9918646867634 83.5164677787136
9 BiologicalYear 1989 9 2037 64.989346221084 62.9261923727956
10 BiologicalYear 1989 10 3115 111.410307807573 84.5893077798236
11 BiologicalYear 1989 11 3299 116.568192428293 71.1788077659491
12 BiologicalYear 1989 12 3447.5 129.978692442168 64.989346221084
13 BiologicalYear 1989 13 3645 109.347153959284 42.2946538899118
14 BiologicalYear 1989 14 4948 167.816934019777 31.3393069555005
15 BiologicalYear 1989 15 4833 160.740316320148 51.5582146687266
16 BiologicalYear 1989 16 3643.5 144.565190149567 51.5582146687266
17 BiologicalYear 1989 17 3321 154.67464400618 36.394033883807
18 BiologicalYear 1989 18 3620 129.347367364592 41.1104035809943
19 BiologicalYear 1989 19 4728 202.543939594167 35.0942469593853
20 BiologicalYear 1989 20 2790.5 152.409301080759 29.0780903377764
21 BiologicalYear 1989 21 3043 133.358138445664 40.1077108107261
22 BiologicalYear 1989 22 2380 103.982953953734 25.9957384884336
23 BiologicalYear 1989 23 2781 66.8461846845435 53.8483154403267
24 BiologicalYear 1989 24 2944 103.054534722005 47.3493808182183
25 BiologicalYear 1989 25 1212 48.2778000499481 50.1346385134076
26 BiologicalYear 1989 26 1107 33.4230923422718 43.6357038912992
27 BiologicalYear 1989 27 1514 46.9429395101055 43.8647139684593
28 BiologicalYear 1989 28 1325.5 53.8689469788096 34.6300373435205
29 BiologicalYear 1989 29 1203 41.5560448122246 35.399593728932
30 BiologicalYear 1989 30 1089.5 31.5518118018742 40.0169320414014
31 BiologicalYear 1989 31 1051.5 36.5178231147043 31.0401496474987
32 BiologicalYear 1989 32 842 28.6056281065184 24.953845795048
33 BiologicalYear 1989 33 429 15.2157596311268 13.3898684753916
34 BiologicalYear 1989 34 428 19.4761723278423 12.7812380901465
35 BiologicalYear 1989 35 325.5 9.40798154819501 11.8837661661411
36 BiologicalYear 1989 36 328 16.8353354020332 9.40798154819501
37 BiologicalYear 1989 37 141 9.40798154819501 5.44672615948132
38 BiologicalYear 1989 38 51.5 4.4564123123029 1.98062769435685
39 BiologicalYear 1989 39 155.5 10.3982953953734 4.95156923589211
40 BiologicalYear 1989 40 192.5 12.1726077049014 6.81666031474481
41 BiologicalYear 1989 41 117 11.6857033967054 6.32975600654875
42 BiologicalYear 1989 42 258.5 15.0940335540778 4.86904308196058
43 BiologicalYear 1989 43 300.6 20.4499809442344 8.76427754752904
44 BiologicalYear 1989 44 462.8 30.8606552626976 12.0013659354935
45 BiologicalYear 1989 45 393 28.0031871828182 13.1443531674453
46 BiologicalYear 1989 46 364 26.2887063348905 17.1448084792764
47 BiologicalYear 1989 47 701 29.7176680307458 21.1452637911076
48 BiologicalYear 1989 48 352 16.4020730938926 24.9311511027168
49 BiologicalYear 1989 49 590.6 18.3703218651597 41.9893071203651
50 BiologicalYear 1989 50 897.2 32.1480632640295 48.5501363579222
51 BiologicalYear 1989 51 833.1 25.5872340264725 47.2379705104108
52 BiologicalYear 1989 52 634.5 15.0899072463812 52.4866339004564
53 BiologicalYear 1990 1 498.5 15.1697670769372 57.7895888645227
54 BiologicalYear 1990 2 634.5 14.4473972161307 76.5712052454926
55 BiologicalYear 1990 3 509 12.2802876337111 68.6251367766207
56 BiologicalYear 1990 4 521 10.1131780512915 67.1803970550077
57 BiologicalYear 1990 5 505.5 9.21283300738768 92.1283300738768
58 BiologicalYear 1990 6 652 18.4256660147754 91.207046773138
59 BiologicalYear 1990 7 599.5 12.8979662103428 87.521913570183
60 BiologicalYear 1990 8 796 15.6618161125591 80.1516471642728
61 BiologicalYear 1990 9 506 12.5629541009832 40.8296008281954
62 BiologicalYear 1990 10 1087 31.407385252458 102.597458491363
63 BiologicalYear 1990 11 1156.5 29.3135595689608 98.4098071243684
64 BiologicalYear 1990 12 843 27.2197338854636 85.8468530233852
65 BiologicalYear 1990 13 1062 35.5950366194524 69.0962475554076
66 BiologicalYear 1990 14 1665 63.6104242646449 76.9480938685221
67 BiologicalYear 1990 15 3081 103.623433076276 112.857204340499
68 BiologicalYear 1990 16 4673 135.428645208599 100.545509321536
69 BiologicalYear 1990 17 5105 138.50656896334 75.9221192836085
70 BiologicalYear 1990 18 7807 163.833484430922 75.3023468812933
71 BiologicalYear 1990 19 5220.5 149.587094480407 78.3551447278322
72 BiologicalYear 1990 20 5475 149.587094480407 53.9327619555209
73 BiologicalYear 1990 21 5449.5 146.534296633868 70.2143504703951
74 BiologicalYear 1990 22 4824 132.853239617897 52.7644072241294
75 BiologicalYear 1990 23 4047.5 136.622125848192 62.1866227998668
76 BiologicalYear 1990 24 3533 113.066586908849 57.4755150119981
77 BiologicalYear 1990 25 2745 94.222155757374 44.2844132059658
78 BiologicalYear 1990 26 2935 119.662137811865 47.111077878687
79 BiologicalYear 1990 27 3255 111.682568132057 42.1738369170006
80 BiologicalYear 1990 28 1921 84.3476738340012 36.7068580573894
81 BiologicalYear 1990 29 1534 78.88069497439 25.772900338167
82 BiologicalYear 1990 30 1251 73.4137161147788 21.0869184585003
83 BiologicalYear 1990 31 991 33.3546431381104 22.2364287587403
84 BiologicalYear 1990 32 267 16.6773215690552 8.02982149621176
85 BiologicalYear 1990 33 244 16.0596429924235 10.5005358027385
86 BiologicalYear 1990 34 149 11.1182143793701 6.79446434294841
87 BiologicalYear 1990 35 138 10.0503632807866 6.03021796847194
88 BiologicalYear 1990 36 144 10.0503632807866 6.53273613251126
89 BiologicalYear 1990 37 185 11.5579177729045 9.54784511674723
90 BiologicalYear 1990 38 222 11.5579177729045 7.53777246058992
91 BiologicalYear 1990 39 186 15.0755449211798 4.02014531231462
92 BiologicalYear 1990 40 176 7.41214291958009 5.43557147435873
93 BiologicalYear 1990 41 116 7.90628578088543 6.91800005827475
94 BiologicalYear 1990 42 121 7.90628578088543 5.43557147435873
95 BiologicalYear 1990 43 242 10.8711429487175 5.43557147435873
96 BiologicalYear 1990 44 319 19.1396605728479 4.6399177146298
97 BiologicalYear 1990 45 314 17.3996914298617 13.9197531438894
98 BiologicalYear 1990 46 335 15.0797325725468 16.819701715533
99 BiologicalYear 1990 47 347 13.3397634295607 24.9395577161352
100 BiologicalYear 1990 48 563 25.9676261267323 35.2893380696618
101 BiologicalYear 1990 49 665 20.6409335879154 50.6035791187603
102 BiologicalYear 1990 50 524 14.6484044817464 53.2669253881688
103 BiologicalYear 1990 51 757.5 13.9825679143943 59.2594544943378
104 BiologicalYear 1990 52 828.5 11.3192216449859 71.2445127066757
105 BiologicalYear 1991 1 937.5 12.1696233621908 77.0742812938749
106 BiologicalYear 1991 2 629 14.8739841093443 43.2697719544561
107 BiologicalYear 1991 3 1106 13.5218037357675 76.3981911070865
108 BiologicalYear 1991 4 823 12.8457135489792 50.7067640091282
109 BiologicalYear 1991 5 748 15.5206790706201 76.7411354047328
110 BiologicalYear 1991 6 609 11.2093793287812 76.7411354047328
111 BiologicalYear 1991 7 787 12.071639277149 83.6392149916751
112 BiologicalYear 1991 8 626 10.3471193804134 80.190175198204
113 BiologicalYear 1991 9 487 12.7379310554332 48.0122016704789
114 BiologicalYear 1991 10 1280 30.375066362956 86.2259948367785
115 BiologicalYear 1991 11 2093 51.9315650721507 125.419628853496
116 BiologicalYear 1991 12 1606 49.9718833713148 139.137400759347
117 BiologicalYear 1991 13 1777.5 40.1734748671354 105.822811845137
118 BiologicalYear 1991 14 1900 66.2568383052609 103.706355608234
119 BiologicalYear 1991 15 2304 67.2170823386705 94.1039152741387
120 BiologicalYear 1991 16 4116 105.626843675054 90.2629391405004
121 BiologicalYear 1991 17 4462 126.752212410064 97.944891407777
122 BiologicalYear 1991 18 3670 99.0501518870484 96.1929359672297
123 BiologicalYear 1991 19 5232 155.242064976816 78.0972351417113
124 BiologicalYear 1991 20 4807 162.861307429666 80.0020457549237
125 BiologicalYear 1991 21 4462 173.337765802335 70.4779926888614
126 BiologicalYear 1991 22 4439 141.097082460183 31.7468435535412
127 BiologicalYear 1991 23 3760 139.333368929431 37.9198409111742
128 BiologicalYear 1991 24 3960 127.869230979541 30.864986788165
129 BiologicalYear 1991 25 4274 162.26164482921 28.2194164920366
130 BiologicalYear 1991 26 1977 115.523236264275 26.4557029612843
131 BiologicalYear 1991 27 1491.5 78.2128563620606 24.1217220555888
132 BiologicalYear 1991 28 1245 71.6342048923545 13.8882642138238
133 BiologicalYear 1991 29 944 55.5530568552954 7.30961274411781
134 BiologicalYear 1991 30 1457 78.9438176364723 15.3501867626474
135 BiologicalYear 1991 31 990.5 56.6543979711651 2.31242440698633
136 BiologicalYear 1991 32 642 33.5301539013018 4.04674271222608
137 BiologicalYear 1991 33 647 37.5768966135279 4.62484881397266
138 BiologicalYear 1991 34 624 35.8425783082881 5.20295491571924
139 BiologicalYear 1991 35 416 28.2194164920366 2.82194164920366
140 BiologicalYear 1991 36 288 16.9316498952219 4.23291247380549
141 BiologicalYear 1991 37 300 16.9316498952219 3.76258886560488
142 BiologicalYear 1991 38 314 14.5800318542189 4.7032360820061
143 BiologicalYear 1991 39 260 14.5800318542189 3.29226525740427
144 BiologicalYear 1991 40 268 17.5744254930961 5.08733369536993
145 BiologicalYear 1991 41 306 13.4120615605207 10.1746673907399
146 BiologicalYear 1991 42 241 15.7244859675071 6.47478833956173
147 BiologicalYear 1991 43 222 17.5744254930961 3.23739416978086
148 BiologicalYear 1991 44 253 16.2849549339461 14.11362760942
149 BiologicalYear 1991 45 417 22.256105076393 21.17044141413
150 BiologicalYear 1991 46 342 17.9134504273407 16.2849549339461
151 BiologicalYear 1991 47 571 14.6564594405515 40.7123873348653
152 BiologicalYear 1991 48 706 27.4198663580956 57.3324478396543
153 BiologicalYear 1991 49 1048 41.1297995371433 64.810593210044
154 BiologicalYear 1991 50 804 19.9417209877059 64.1874144291782
155 BiologicalYear 1991 51 870 24.9271512346323 52.9701963735937
156 BiologicalYear 1991 52 965 20.5648997685717 87.2450293212131
157 BiologicalYear 1992 1 880.5 19.4233043275461 88.7922483544966
158 BiologicalYear 1992 2 856 18.0359254470071 87.4048694739576
159 BiologicalYear 1992 3 871 18.0359254470071 90.8733166753051
160 BiologicalYear 1992 4 972 20.1169937678156 91.5670061155746
161 BiologicalYear 1992 5 993 30.9646880584069 106.164644771681
162 BiologicalYear 1992 6 651 15.0399913426548 85.8164211904419
163 BiologicalYear 1992 7 658.5 12.3858752233627 107.934055517875
164 BiologicalYear 1992 8 685 15.0399913426548 93.778769548318
165 BiologicalYear 1992 9 600 15.0802052232501 58.3101268632337
166 BiologicalYear 1992 10 1114 24.1283283572002 96.5133134288006
167 BiologicalYear 1992 11 1470 45.2406156697503 91.486578354384
168 BiologicalYear 1992 12 2778 64.3422089525338 108.577477607401
169 BiologicalYear 1992 13 3328 96.5133134288006 122.652335815767
170 BiologicalYear 1992 14 4829.299999 117.243568875695 84.7306464143679
171 BiologicalYear 1992 15 5140 133.992650143652 97.5387673839817
172 BiologicalYear 1992 16 5143 141.874570740337 75.8634857430968
173 BiologicalYear 1992 17 5232 130.051689845309 76.8487258176825
174 BiologicalYear 1992 18 4572 112.37768932366 41.0422865355975
175 BiologicalYear 1992 19 6262.3 153.419975859257 79.1529811757951
176 BiologicalYear 1992 20 4461 91.856546055861 40.0650892371309
177 BiologicalYear 1992 21 2940.5 85.0161649665948 62.5406271018628
178 BiologicalYear 1992 22 3547 125.768911561906 71.4801727582055
179 BiologicalYear 1992 23 2820.3 104.958228353821 57.9079880572804
180 BiologicalYear 1992 24 2327 94.1004805930806 57.9079880572804
181 BiologicalYear 1992 25 2477 88.6716067127106 40.7165541027753
182 BiologicalYear 1992 26 2164 97.7197298466607 29.8588063420352
183 BiologicalYear 1992 27 1672 69.7489651985764 21.7496773199862
184 BiologicalYear 1992 28 1521 68.9989763254734 14.9997774620594
185 BiologicalYear 1992 29 1452 56.9991543558259 8.99986647723566
186 BiologicalYear 1992 30 903.3 50.9992433710021 7.49988873102972
187 BiologicalYear 1992 31 675 30.8440464166209 8.89732108171756
188 BiologicalYear 1992 32 608 27.878272722715 10.0836305592799
189 BiologicalYear 1992 33 299.3 19.5741063797786 4.74523791024937
190 BiologicalYear 1992 34 121 2.96577369390585 8.89732108171756
191 BiologicalYear 1992 35 234 6.27336537287204 8.20363164144806
192 BiologicalYear 1992 36 384.5 8.20363164144806 4.82566567144003
193 BiologicalYear 1992 37 265.5 14.4769970143201 2.41283283572002
194 BiologicalYear 1992 38 289.5 17.8549629843281 1.44769970143201
195 BiologicalYear 1992 39 933.4 17.8549629843281 3.86053253715203
196 BiologicalYear 1992 40 405 18.5064278499725 4.74523791024937
197 BiologicalYear 1992 41 395.8 18.9809516409975 6.16880928332417
198 BiologicalYear 1992 42 424 19.4554754320224 3.32166653717456
199 BiologicalYear 1992 43 461.5 21.8280943871471 7.11785686537405
200 BiologicalYear 1992 44 500.5 20.6076031110787 15.037980648625
201 BiologicalYear 1992 45 426 18.3797541260972 22.8354520960602
202 BiologicalYear 1992 46 654.5 26.1772255735324 36.7595082521945
203 BiologicalYear 1992 47 458 14.4810184023796 25.620263327287
204 BiologicalYear 1992 48 717 22.3790245513032 42.2004462967431
205 BiologicalYear 1992 49 641.3 17.2638189395767 53.7096589231276
206 BiologicalYear 1992 50 860 29.412432267427 53.0702582216618
207 BiologicalYear 1992 51 536.5 17.2638189395767 54.3490596245934
208 BiologicalYear 1992 52 1273.3 31.9700350732902 148.340962740067
209 BiologicalYear 1993 1 980.5 14.9914519133251 62.6915261829959
210 BiologicalYear 1993 2 699.5 14.3100222809012 66.7801039775391
211 BiologicalYear 1993 3 1629.5 14.3100222809012 74.2758299342017
212 BiologicalYear 1993 4 517.9 10.221444486358 66.7801039775391
213 BiologicalYear 1993 5 927.3 17.3813935226958 85.1688282612094
214 BiologicalYear 1993 6 731.5 10.4288361136175 97.3358037270964
215 BiologicalYear 1993 7 842.5 11.2979057897523 101.68115210777
216 BiologicalYear 1993 8 554.200001 12.1669754658871 68.6565044146484
217 BiologicalYear 1993 9 864.7 17.7764251936661 70.1181215972387
218 BiologicalYear 1993 10 1338.1 36.5404295647582 118.509501291108
219 BiologicalYear 1993 11 1612.1 40.4907462744618 100.733076097441
220 BiologicalYear 1993 12 3026.100002 79.9939133714977 82.9566509037753
221 BiologicalYear 1993 13 3572.099999 104.683392807145 72.0932799520905
222 BiologicalYear 1993 14 6144.299999 141.302828706097 72.5870695408034
223 BiologicalYear 1993 15 9759.699997 175.176794491806 50.3270348816237
224 BiologicalYear 1993 16 9540.2 190.662035993844 47.4235520999916
225 BiologicalYear 1993 17 7903.599994 189.694208399966 45.4878969122368
226 BiologicalYear 1993 18 6295.600002 181.426195526557 52.7959828251885
227 BiologicalYear 1993 19 5176.540002 174.706706803351 44.1566401810667
228 BiologicalYear 1993 20 2181.1 82.5537185993856 15.3588313673275
229 BiologicalYear 1993 21 3756.2 185.265903368389 43.1967132206087
230 BiologicalYear 1993 22 2898.799999 160.876648002679 26.6646377904992
231 BiologicalYear 1993 23 2091.6 118.21322753788 15.9987826742995
232 BiologicalYear 1993 24 2112.5 112.88029997978 16.8876039339828
233 BiologicalYear 1993 25 1826.2 104.88090864263 16.8876039339828
234 BiologicalYear 1993 26 1594.300001 96.8815173054805 23.9981740114493
235 BiologicalYear 1993 27 895.800001 63.3591297069358 20.6285538580721
236 BiologicalYear 1993 28 963.6 56.7285231096984 22.8387560571513
237 BiologicalYear 1993 29 829.9 46.4142461806623 16.9448835262735
238 BiologicalYear 1993 30 738.3 48.6244483797415 11.0510109953958
239 BiologicalYear 1993 31 853.5 43.1177068864147 8.15740400553791
240 BiologicalYear 1993 32 555.5 40.7870200276895 6.40938886149407
241 BiologicalYear 1993 33 468 32.0469443074704 6.99206057617535
242 BiologicalYear 1993 34 327.4 32.6296160221516 7.57473229085663
243 BiologicalYear 1993 35 135 11.3769121239463 4.26634204647987
244 BiologicalYear 1993 36 164.9 16.5913301807551 4.26634204647987
245 BiologicalYear 1993 37 135 13.7471021497685 2.37019002582215
246 BiologicalYear 1993 38 108 8.05864608779532 6.1624940671376
247 BiologicalYear 1993 39 219.5 18.0134441962484 7.58460808263089
248 BiologicalYear 1993 40 217 9.32274743490047 7.9243353196654
249 BiologicalYear 1993 41 282.9 15.8486706393308 11.6534342936256
250 BiologicalYear 1993 42 252.2 11.1872969218806 18.1793574980559
251 BiologicalYear 1993 43 418.3 20.9761817285261 19.577769613291
252 BiologicalYear 1993 44 356.8 15.8664470645245 14.2250904716426
253 BiologicalYear 1993 45 450.5 13.1308527430547 38.2983205005763
254 BiologicalYear 1993 46 537.8 19.1491602502881 38.2983205005763
255 BiologicalYear 1993 47 587 25.1674677575216 33.9213695862247
256 BiologicalYear 1993 48 563.7 25.7521146305577 45.8513260495295
257 BiologicalYear 1993 49 563.8 28.2645160579292 46.4794264063724
258 BiologicalYear 1993 50 759.9 17.5868099916004 60.9257346137584
259 BiologicalYear 1993 51 979.8 40.1984228379437 64.6943367548157
260 BiologicalYear 1993 52 762 30.1488171284578 59.0414335432298
261 BiologicalYear 1994 1 892 26.3695836544809 69.2201570930125
262 BiologicalYear 1994 2 685.5 18.4587085581367 76.4717925979947
263 BiologicalYear 1994 3 976.3 25.7103440631189 83.064188511615
264 BiologicalYear 1994 4 655.9 11.2070730531544 72.5163550498226
265 BiologicalYear 1994 5 950.8 26.0638493512406 90.8030880623865
266 BiologicalYear 1994 6 881.5 16.8153866782197 68.1023160467899
267 BiologicalYear 1994 7 1138 22.7007720155966 88.2807800606536
268 BiologicalYear 1994 8 876.5 21.0192333477747 59.69462270768
269 BiologicalYear 1994 9 939.7 28.6625909287836 68.7902182290807
270 BiologicalYear 1994 10 1493 50.6372439741844 77.3889955077158
271 BiologicalYear 1994 11 2028.3 81.2106742982203 71.6564773219591
272 BiologicalYear 1994 12 2689.6 98.4082288554905 65.9239591362024
273 BiologicalYear 1994 13 2948.5 101.274487948369 69.7456379267068
274 BiologicalYear 1994 14 4599.5 134.828827728998 56.1786782204159
275 BiologicalYear 1994 15 4235.5 148.873497284102 40.2613860579647
276 BiologicalYear 1994 16 4961.700001 150.746119891449 30.8982730212287
277 BiologicalYear 1994 17 6339.1 170.408657268595 28.089339110208
278 BiologicalYear 1994 18 5499 135.585520129518 28.7887063288703
279 BiologicalYear 1994 19 7357.700001 197.806272517722 26.0027024905925
280 BiologicalYear 1994 20 4943.5 153.230211105277 13.9300191913888
281 BiologicalYear 1994 21 3440.099998 112.368821477203 34.3607140054258
282 BiologicalYear 1994 22 3831.5 122.102637356618 16.3376768294067
283 BiologicalYear 1994 23 2795.299999 122.102637356618 18.0574322851337
284 BiologicalYear 1994 24 2219.700001 89.4272836978049 23.2166986523147
285 BiologicalYear 1994 25 1963 90.2871614256684 20.6370654687242
286 BiologicalYear 1994 26 1575.9 48.1531527603565 38.6944977538579
287 BiologicalYear 1994 27 929 43.4773287601743 13.5421187941526
288 BiologicalYear 1994 28 1037 52.0302458933233 14.2548618885817
289 BiologicalYear 1994 29 1132.5 49.892016610036 15.6803480774399
290 BiologicalYear 1994 30 918 42.0518425713161 9.26566022757812
291 BiologicalYear 1994 31 1001 43.9684144847541 1.69109286479823
292 BiologicalYear 1994 32 554 37.2040430255611 0.563697621599411
293 BiologicalYear 1994 33 511 35.5129501607629 2.25479048639765
294 BiologicalYear 1994 34 288 23.6753001071753 0.563697621599411
295 BiologicalYear 1994 35 108 10.0892320069318 0.917202909721076
296 BiologicalYear 1994 36 202 16.5096523749794 1.83440581944215
297 BiologicalYear 1994 37 116.5 10.5478334617924 2.75160872916323
298 BiologicalYear 1994 38 114 11.0064349166529 0.917202909721076
299 BiologicalYear 1994 39 160 11.0064349166529 1.37580436458161
300 BiologicalYear 1994 40 223 12.6268267238268 4.05862287551576
301 BiologicalYear 1994 41 144 8.56820384831105 4.05862287551576
302 BiologicalYear 1994 42 278 13.5287429183859 6.76437145919294
303 BiologicalYear 1994 43 469 24.8026953503741 10.3720362374292
304 BiologicalYear 1994 44 441 22.7600080368495 10.5860502496974
305 BiologicalYear 1994 45 416.5 21.7014030118797 11.6446552746672
306 BiologicalYear 1994 46 551 26.9944281367284 23.2893105493343
307 BiologicalYear 1994 47 528 24.3479155743041 16.408377887031
308 BiologicalYear 1994 48 867 34.0282279506519 38.2817564444834
309 BiologicalYear 1994 49 848.5 26.1288178906792 76.5635128889668
310 BiologicalYear 1994 50 867.5 22.4829363245379 77.7788067443473
311 BiologicalYear 1994 51 761.4 21.2676424691575 63.8029274074724
312 BiologicalYear 1994 52 767.5 17.014113975326 62.5876335520919
313 BiologicalYear 1995 1 580.5 12.6935455573984 76.1612733443904
314 BiologicalYear 1995 2 855.5 26.1804377121342 89.6481654991262
315 BiologicalYear 1995 3 941.5 19.833664933435 92.0282052911384
316 BiologicalYear 1995 4 971.299999 16.6602785440854 107.895137237886
317 BiologicalYear 1995 5 974.3 17.2006740524167 113.322087874745
318 BiologicalYear 1995 6 1160.7 27.3187176126618 107.251261738598
319 BiologicalYear 1995 7 1134.5 21.2478914765147 107.251261738598
320 BiologicalYear 1995 8 1130.2 19.2242827644657 86.0033702620834
321 BiologicalYear 1995 9 918 25.2951089006128 91.9822141840464
322 BiologicalYear 1995 10 1289.5 47.1408847693238 103.479990957052
323 BiologicalYear 1995 11 1954.2 65.537327606133 98.8808802478499
324 BiologicalYear 1995 12 3031 105.779546311653 110.378657020856
325 BiologicalYear 1995 13 3152 120.726656116561 70.1364383153354
326 BiologicalYear 1995 14 4141.4 110.424648127948 63.0997989302558
327 BiologicalYear 1995 15 4166.700001 130.70672635553 50.7051955689556
328 BiologicalYear 1995 16 6836.5 156.622715201885 39.4373743314099
329 BiologicalYear 1995 17 6590 192.679743162031 48.4516313214464
330 BiologicalYear 1995 18 7290.599998 193.342015104156 64.8198663354975
331 BiologicalYear 1995 19 4454.700001 159.814498034071 62.5846985308252
332 BiologicalYear 1995 20 4951.799999 182.166176080795 37.9978526794296
333 BiologicalYear 1995 21 5698.300003 205.635438029854 46.9385238981189
334 BiologicalYear 1995 22 5183.799999 175.915984626989 34.1483970158272
335 BiologicalYear 1995 23 4591.899998 157.289586254719 41.3919963828209
336 BiologicalYear 1995 24 2930.300003 110.723590324046 43.4615962019619
337 BiologicalYear 1995 25 4166.900002 153.150386616437 37.2527967445388
338 BiologicalYear 1995 26 2819.400002 137.628387972879 19.6611982818399
339 BiologicalYear 1995 27 3461.299999 139.810666004396 11.150543914461
340 BiologicalYear 1995 28 2085.900002 82.3424781375583 10.2928097671948
341 BiologicalYear 1995 29 1652.200001 102.070363524682 12.0082780617273
342 BiologicalYear 1995 30 1332 69.4764659285648 12.0082780617273
343 BiologicalYear 1995 31 1489.800001 57.6613505166241 8.14042595528811
344 BiologicalYear 1995 32 1201.5 50.8776622205507 2.03510648882203
345 BiologicalYear 1995 33 647.099998 40.0237609468332 1.35673765921468
346 BiologicalYear 1995 34 701.7 35.2751791395818 0.678368829607342
347 BiologicalYear 1995 35 511.7 31.4579172509439 0.551893285104278
348 BiologicalYear 1995 36 543.2 24.2833045445882 4.41514628083423
349 BiologicalYear 1995 37 394 13.797332127607 3.31135971062567
350 BiologicalYear 1995 38 327 14.9011186978155 3.31135971062567
351 BiologicalYear 1995 39 176 14.3492254127112 0.551893285104278
352 BiologicalYear 1995 40 397 22.2504976111208 1.62808519105762
353 BiologicalYear 1995 41 310 13.5673765921468 4.34156050948699
354 BiologicalYear 1995 42 381.8 18.9943272290056 1.62808519105762
355 BiologicalYear 1995 43 713 29.8482285027231 7.59773089160223
356 BiologicalYear 1995 44 996 45.8623319921655 14.0134903309395
357 BiologicalYear 1995 45 1026 35.6707026605732 24.2051196625318
358 BiologicalYear 1995 46 1297 40.7665173263694 36.9446563270222
359 BiologicalYear 1995 47 1335 51.5951234911862 22.9311659960828
360 BiologicalYear 1995 48 1027.900002 43.8755161657901 29.2503441105268
361 BiologicalYear 1995 49 1055.349999 37.2941887409216 35.8316715353953
362 BiologicalYear 1995 50 1250.5 43.144257563027 47.531809179606
363 BiologicalYear 1995 51 1314.800002 48.9943263851323 41.6817403575006
364 BiologicalYear 1995 52 1071 43.144257563027 46.0692919740796
365 BiologicalYear 1996 1 1201 53.6296776235162 52.7917139106487
366 BiologicalYear 1996 2 1142.2 41.898185643372 71.2269155937324
367 BiologicalYear 1996 3 1223.099998 39.3842945047697 67.8750607422626
368 BiologicalYear 1996 4 1308.099998 35.1944759404325 76.254697870937
369 BiologicalYear 1996 5 1271 44.885708445769 103.664612362847
370 BiologicalYear 1996 6 1159 33.1299276623533 127.176173929679
371 BiologicalYear 1996 7 1768.5 51.2979525094502 121.832637209944
372 BiologicalYear 1996 8 1718 37.4047570381408 119.695222522051
373 BiologicalYear 1996 9 1067 29.146563925824 93.511892595352
374 BiologicalYear 1996 10 2334.5 86.225251613896 122.658456521176
375 BiologicalYear 1996 11 2912.1 106.870734394688 128.730657339056
376 BiologicalYear 1996 12 3667.700001 115.37181553972 131.159537666208
377 BiologicalYear 1996 13 4371.899998 143.303939301968 102.012973740384
378 BiologicalYear 1996 14 7637 185.663612207499 92.8318061037494
379 BiologicalYear 1996 15 8190 203.515882612066 101.162865625881
380 BiologicalYear 1996 16 11292.5 205.896185332675 90.4515033831405
381 BiologicalYear 1996 17 13497.399994 222.558304376938 74.9795356991822
382 BiologicalYear 1996 18 10444.5 241.989346994154 87.3522520856945
383 BiologicalYear 1996 19 7588.5 198.313220951306 74.3674578567399
384 BiologicalYear 1996 20 9070 253.793705384112 60.2022277887895
385 BiologicalYear 1996 21 8721.5 244.350218672146 23.6087167799174
386 BiologicalYear 1996 22 6578 202.204287235404 38.254865152644
387 BiologicalYear 1996 23 5672 221.878217885335 39.3478612998624
388 BiologicalYear 1996 24 4621.5 180.344364291036 42.6268497415176
389 BiologicalYear 1996 25 4189 161.763429788323 31.6968882693336
390 BiologicalYear 1996 26 3778 127.880549224553 48.0918304776096
391 BiologicalYear 1996 27 1577 48.0165351874679 46.2045904634125
392 BiologicalYear 1996 28 2479 69.7598718761326 62.512092979911
393 BiologicalYear 1996 29 1535 57.9822311697725 45.2986181013848
394 BiologicalYear 1996 30 1545 73.3837613242434 33.5209773950248
395 BiologicalYear 1996 31 705 30.8103469499231 25.7947090743542
396 BiologicalYear 1996 32 729.699997 32.9599060394526 15.7634333232165
397 BiologicalYear 1996 33 330 17.1964727162362 8.59823635811808
398 BiologicalYear 1996 34 504 30.0938272534133 12.8973545371771
399 BiologicalYear 1996 35 287 12.8244881273626 9.32690045626368
400 BiologicalYear 1996 36 289 15.739144519945 10.4927630132966
401 BiologicalYear 1996 37 197 12.8244881273626 9.32690045626368
402 BiologicalYear 1996 38 154 9.32690045626368 5.8293127851648
403 BiologicalYear 1996 39 236 17.4879383554944 5.24638150664832
404 BiologicalYear 1996 40 142 8.02502060091021 4.58572605766298
405 BiologicalYear 1996 41 319 18.9161199878598 8.02502060091021
406 BiologicalYear 1996 42 395 26.94114058877 3.43929454324723
407 BiologicalYear 1996 43 334 18.3429042306519 8.59823635811808
408 BiologicalYear 1996 44 294 28.9303935767075 10.7647976099377
409 BiologicalYear 1996 45 404 30.9487931285708 16.8199962655276
410 BiologicalYear 1996 46 567 32.9671926804341 29.6031934273286
411 BiologicalYear 1996 47 546 26.9119940248442 29.6031934273286
412 BiologicalYear 1996 48 654 35.5296614255795 37.8468132576825
413 BiologicalYear 1996 49 831.5 45.5706526980258 43.2535008659228
414 BiologicalYear 1996 50 652 21.6267504329614 65.6526352429186
415 BiologicalYear 1996 51 774.9 32.4401256494421 61.0183315787125
416 BiologicalYear 1996 52 474 14.6752949366524 59.4735636906439
417 BiologicalYear 1997 1 545.5 25.7370062426366 66.0583160227672
418 BiologicalYear 1997 2 808.5 23.1633056183729 78.9268191440855
419 BiologicalYear 1997 3 599 11.1527027051425 90.9374220573159
420 BiologicalYear 1997 4 436 6.86320166470309 83.2163201845249
421 BiologicalYear 1997 5 515 9.84720238848704 101.754424681033
422 BiologicalYear 1997 6 602.5 15.317870382091 110.507493470799
423 BiologicalYear 1997 7 551 10.9413359872078 129.107764649052
424 BiologicalYear 1997 8 492 14.2237367833702 118.166428661844
425 BiologicalYear 1997 9 406.5 19.8933381585597 80.8166862691487
426 BiologicalYear 1997 10 517 21.1366717934697 94.4933562531585
427 BiologicalYear 1997 11 805.5 28.5966736029295 121.846696221178
428 BiologicalYear 1997 12 740 49.7333453963992 87.0333544436986
429 BiologicalYear 1997 13 686 52.2200126662192 96.9800235229784
430 BiologicalYear 1997 14 823 71.889550770495 88.94808824146
431 BiologicalYear 1997 15 1211 98.6958239391542 79.2003525437657
432 BiologicalYear 1997 16 1656.3 135.249832805508 86.5111543170364
433 BiologicalYear 1997 17 1732 135.249832805508 88.94808824146
434 BiologicalYear 1997 18 2432 160.733198986623 80.9708596398775
435 BiologicalYear 1997 19 2861.5 184.903604849273 67.67713641542
436 BiologicalYear 1997 20 4588.5 224.784774522645 39.8811696733725
437 BiologicalYear 1997 21 4048 250.163700678428 32.6300479145775
438 BiologicalYear 1997 22 3072 189.111045869808 40.2840097710834
439 BiologicalYear 1997 23 3055 204.777049669674 27.9750067854745
440 BiologicalYear 1997 24 3111.5 177.921043155618 29.0940070568935
441 BiologicalYear 1997 25 2912.5 191.349046412646 26.8560065140556
442 BiologicalYear 1997 26 1957.5 145.470035284468 23.4990056997986
443 BiologicalYear 1997 27 1191 88.1150547060703 25.9707529659997
444 BiologicalYear 1997 28 1409 109.448173213856 24.115699182714
445 BiologicalYear 1997 29 654 67.7094630899277 12.057849591357
446 BiologicalYear 1997 30 743 90.8976353809988 12.9853764829998
447 BiologicalYear 1997 31 534 54.2839465001697 5.86853475677511
448 BiologicalYear 1997 32 583 44.7475775204102 3.66783422298444
449 BiologicalYear 1997 33 274 35.9447753852475 2.93426737838755
450 BiologicalYear 1997 34 207 31.5433743176662 0.733566844596888
451 BiologicalYear 1997 35 259 31.6304076721099 2.38720057902716
452 BiologicalYear 1997 36 198 23.8720057902716 4.17760101329753
453 BiologicalYear 1997 37 266 22.0816053560012 7.16160173708148
454 BiologicalYear 1997 38 222 19.6944047769741 11.339202750379
455 BiologicalYear 1997 39 220 24.4688059350284 4.17760101329753
456 BiologicalYear 1997 40 235 23.4741390271004 5.86853475677511
457 BiologicalYear 1997 41 213 18.7793112216803 11.7370695135502
458 BiologicalYear 1997 42 189 16.4318973189703 11.7370695135502
459 BiologicalYear 1997 43 135 15.8450438432928 6.45538823245262
460 BiologicalYear 1997 44 387 33.7515348532663 22.7306255134243
461 BiologicalYear 1997 45 393.5 36.5067621882268 26.863466515865
462 BiologicalYear 1997 46 408 33.7515348532663 25.4858528483848
463 BiologicalYear 1997 47 456 33.0627280195262 33.7515348532663
464 BiologicalYear 1997 48 837 54.5624532343896 48.2363716999676
465 BiologicalYear 1997 49 884.8 60.0977745770088 51.3994124671786
466 BiologicalYear 1997 50 1032.8 67.2146163032335 59.307014385206
467 BiologicalYear 1997 51 836.5 53.7716930425868 64.0515755360225
468 BiologicalYear 1997 52 1591.799999 85.4021007146967 150.244436442522
469 BiologicalYear 1998 1 739.28 41.3808514183377 82.7617028366754
470 BiologicalYear 1998 2 613 28.1389789644696 99.3140434040105
471 BiologicalYear 1998 3 809.16 24.8285108510026 114.211149914612
472 BiologicalYear 1998 4 677.11 14.8971065106016 109.245447744412
473 BiologicalYear 1998 5 739.25 15.8326735861466 160.437759006286
474 BiologicalYear 1998 6 832.75 23.221254593015 144.605085420139
475 BiologicalYear 1998 7 1209 44.3314860412105 167.826340013154
476 BiologicalYear 1998 8 1028 29.5543240274737 108.717691958207
477 BiologicalYear 1998 9 1329.75 44.3794638399564 149.930621080934
478 BiologicalYear 1998 10 2289.65 68.3683632129058 160.725625798761
479 BiologicalYear 1998 11 2953.66 92.3572625858552 183.515080203063
480 BiologicalYear 1998 12 2674 124.742276739337 148.731176112286
481 BiologicalYear 1998 13 4943.959999 177.517855359826 124.742276739337
482 BiologicalYear 1998 14 5902.700002 209.231180330865 124.598343343099
483 BiologicalYear 1998 15 6304.949997 198.652075707394 103.440134096158
484 BiologicalYear 1998 16 7129.055008 236.266669924179 98.7383098190597
485 BiologicalYear 1998 17 10943 265.653071656042 85.80829305704
486 BiologicalYear 1998 18 9610.880001 287.967545852759 44.3026993619629
487 BiologicalYear 1998 19 7012.959999 270.479638209879 46.6344203810136
488 BiologicalYear 1998 20 6940.550003 286.801685343234 26.8147917190828
489 BiologicalYear 1998 21 6623.710004 258.821033114626 32.6440942667095
490 BiologicalYear 1998 22 6481.080001 237.490103792199 39.9415174559607
491 BiologicalYear 1998 23 5182.599998 192.151083977325 43.1800188713089
492 BiologicalYear 1998 24 3671.1 156.527568408495 36.7030160406126
493 BiologicalYear 1998 25 4151.38 189.992083033759 39.9415174559607
494 BiologicalYear 1998 26 3641.4 160.845570295626 43.1800188713089
495 BiologicalYear 1998 27 2017.9 96.6368822339894 19.6852908254423
496 BiologicalYear 1998 28 1525.080005 67.1089459958259 34.8966519178295
497 BiologicalYear 1998 29 1480.699999 73.372447622103 11.6322173059432
498 BiologicalYear 1998 30 1245.8 64.4245881559929 25.0540065051084
499 BiologicalYear 1998 31 1210.2 62.2751827721766 7.07672531502007
500 BiologicalYear 1998 32 857.6 57.3214750516626 0
501 BiologicalYear 1998 33 742.5 49.5370772051405 2.83069012600803
502 BiologicalYear 1998 34 503.5 30.4299188545863 1.41534506300401
503 BiologicalYear 1998 35 368.5 26.4837449077361 0.575733584950786
504 BiologicalYear 1998 36 146.4 14.9690732087204 0
505 BiologicalYear 1998 37 108.8 12.0904052839665 0
506 BiologicalYear 1998 38 179 13.8176060388189 1.72720075485236
507 BiologicalYear 1998 39 151 14.9690732087204 3.45440150970471
508 BiologicalYear 1998 40 268.5 24.9100731088707 3.39682815120963
509 BiologicalYear 1998 41 356 29.4391773104835 5.66138025201606
510 BiologicalYear 1998 42 420.700001 25.4762111340723 9.6243464284273
511 BiologicalYear 1998 43 310 16.9841407560482 7.35979432762088
512 BiologicalYear 1998 44 861.8 53.1594010104559 13.9543427652447
513 BiologicalYear 1998 45 572.9 27.2441930178586 15.9478203031368
514 BiologicalYear 1998 46 854.5 34.5536106567963 40.5340432704726
515 BiologicalYear 1998 47 1381.12 56.4818635736094 46.5144758841489
516 BiologicalYear 1998 48 1833.979999 78.5732410061585 57.9763720045441
517 BiologicalYear 1998 49 1420.2 60.2649130047235 70.1819240055008
518 BiologicalYear 1998 50 1506.100002 64.0791480050224 81.6246290063976
519 BiologicalYear 1998 51 1439.899999 55.6878310043647 69.419077005441
520 BiologicalYear 1998 52 1117.599999 50.3479020039462 64.8419950050822
521 BiologicalYear 1999 1 1030.999999 37.8390268643746 89.9727972108464
522 BiologicalYear 1999 2 1269.700001 56.3381066647356 90.8136644744991
523 BiologicalYear 1999 3 873 42.0433631826385 81.5641245743187
524 BiologicalYear 1999 4 1026.69 48.7703012918606 89.9727972108464
525 BiologicalYear 1999 5 1476.919999 86.8652442799557 131.906482054748
526 BiologicalYear 1999 6 1854.210002 100.806579781677 131.906482054748
527 BiologicalYear 1999 7 2540.289996 129.761661208329 105.096221474514
528 BiologicalYear 1999 8 2186.2 99.7341693584676 78.2859608942811
529 BiologicalYear 1999 9 3338.350003 146.23778498309 119.427524402857
530 BiologicalYear 1999 10 4732.3 215.700732850058 137.707247525743
531 BiologicalYear 1999 11 5022.2 208.388843600904 149.893729607668
532 BiologicalYear 1999 12 6119.099998 221.79397389102 118.208876194665
533 BiologicalYear 1999 13 7705.2 243.729641638484 102.366449488163
534 BiologicalYear 1999 14 7155.100001 206.609617216943 88.3763680581143
535 BiologicalYear 1999 15 9483.800001 226.912296365429 78.8221661058857
536 BiologicalYear 1999 16 12722.199995 286.626058566857 99.1248452543714
537 BiologicalYear 1999 17 12710.450001 287.820333810886 94.3477442782571
538 BiologicalYear 1999 18 12183.250003 273.62551948186 107.791871311036
539 BiologicalYear 1999 19 10433.399996 244.012368022785 91.2085064939535
540 BiologicalYear 1999 20 12010.19999 242.827841964422 98.3156628441317
541 BiologicalYear 1999 21 8585.699994 200.184903863352 108.976397369399
542 BiologicalYear 1999 22 6376.100004 149.162540682752 72.3877035666297
543 BiologicalYear 1999 23 5335.400008 134.904356646901 81.1619706656152
544 BiologicalYear 1999 24 4818.199997 130.517223097408 96.5169380888397
545 BiologicalYear 1999 25 4571.700003 118.452605836303 84.4523208277347
546 BiologicalYear 1999 26 2903.599999 93.2265879267201 71.2909201792566
547 BiologicalYear 1999 27 2375.3 79.0927060081044 24.5460122094117
548 BiologicalYear 1999 28 2269.1 100.00227196427 31.8189047159041
549 BiologicalYear 1999 29 888.2 49.0920244188234 31.8189047159041
550 BiologicalYear 1999 30 1688.3 100.911383527582 38.1826856590849
551 BiologicalYear 1999 31 1060.300001 61.8342100836834 10.7850366425029
552 BiologicalYear 1999 32 972.1 56.8011929838487 14.3800488566706
553 BiologicalYear 1999 33 442.6 35.9501221416764 7.19002442833528
554 BiologicalYear 1999 34 413.999999 33.7931148131758 7.9090268711688
555 BiologicalYear 1999 35 174.7 9.35921823891779 4.67960911945889
556 BiologicalYear 1999 36 405.3 26.9077524368886 5.26456025939125
557 BiologicalYear 1999 37 230.4 12.868925078512 7.6043648191207
558 BiologicalYear 1999 38 306.899999 25.1528990170915 8.18931595905306
559 BiologicalYear 1999 39 188.7 9.94416937885015 8.77426709898542
560 BiologicalYear 1999 40 498.1 32.211309438942 11.5040390853364
561 BiologicalYear 1999 41 510.7 26.4592898962738 16.105654719471
562 BiologicalYear 1999 42 604.4 28.7600977133411 23.5832801249397
563 BiologicalYear 1999 43 402.3 17.8312605822715 29.3352996676079
564 BiologicalYear 1999 44 493.1 18.9036710054808 33.0814242595914
565 BiologicalYear 1999 45 862.8 46.5840464063634 46.5840464063634
566 BiologicalYear 1999 46 1025.6 57.3861441237811 37.132210903623
567 BiologicalYear 1999 47 1247.2 64.8125863045057 33.75655536693
568 BiologicalYear 1999 48 1228.9 64.3300016140615 38.753013020519
569 BiologicalYear 1999 49 1423.1 71.3055439577549 53.4791579683162
570 BiologicalYear 1999 50 1960 103.08301463458 59.6796400515992
571 BiologicalYear 1999 51 1742.8 92.2321709888351 66.6551823952926
572 BiologicalYear 1999 52 1171.7 69.7554234369341 72.0806042181652
573 BiologicalYear 2000 1 930.4 42.7533370683827 75.0200065539545
574 BiologicalYear 2000 2 1537.3 76.6333400282331 83.0866739253475
575 BiologicalYear 2000 3 1043.8 50.8200044397756 87.9266743481833
576 BiologicalYear 2000 4 1039.499999 41.9466703312434 111.320009725223
577 BiologicalYear 2000 5 1214.6 55.554787462115 140.944553376107
578 BiologicalYear 2000 6 1142.1 67.9002957870294 130.656629772011
579 BiologicalYear 2000 7 1035.7 58.6411645433436 109.051990203411
580 BiologicalYear 2000 8 1293.100001 70.986672868258 112.13836728464
581 BiologicalYear 2000 9 1090.200001 64.2995225255961 91.1884137635726
582 BiologicalYear 2000 10 1541.799999 90.0193315358345 114.570058318335
583 BiologicalYear 2000 11 1823.7 94.6956604467869 118.077305001549
584 BiologicalYear 2000 12 2747.300001 126.260880595716 102.879236040954
585 BiologicalYear 2000 13 2197.300003 129.76812727893 100.541071585477
586 BiologicalYear 2000 14 3159.4 164.980883978402 84.7818431555677
587 BiologicalYear 2000 15 3645.8 183.312093309336 80.1990408228344
588 BiologicalYear 2000 16 3750 179.874991559786 61.8678314919008
589 BiologicalYear 2000 17 4309.5 209.663206722553 87.0732443219344
590 BiologicalYear 2000 18 4675.100005 217.042453744036 72.7262672231324
591 BiologicalYear 2000 19 5196.300002 276.132545862831 47.7266128651806
592 BiologicalYear 2000 20 4414.200001 285.223329265722 39.7721773876505
593 BiologicalYear 2000 21 3621.200001 255.678283206325 27.2723502086746
594 BiologicalYear 2000 22 3875.2 238.843499126896 33.6695681588576
595 BiologicalYear 2000 23 4685.800001 277.773937310575 25.2521761191432
596 BiologicalYear 2000 24 3696.200002 244.104369151717 42.086960198572
597 BiologicalYear 2000 25 2609.1 197.808712933288 38.9304381836791
598 BiologicalYear 2000 26 1740.3 115.739140546073 44.1913082085006
599 BiologicalYear 2000 27 2240.399999 122.098947864968 39.2460903851684
600 BiologicalYear 2000 28 2112.399999 136.05311333525 64.5380153000546
601 BiologicalYear 2000 29 1594.6 114.249729787935 58.4330679068062
602 BiologicalYear 2000 30 1268.4 117.738271155505 39.2460903851684
603 BiologicalYear 2000 31 819.2 62.7680248072591 18.6234798878681
604 BiologicalYear 2000 32 733.8 77.2529536089343 5.51806811492388
605 BiologicalYear 2000 33 205.5 23.4517894884265 0.689758514365485
606 BiologicalYear 2000 34 518.9 60.0089907497972 2.75903405746194
607 BiologicalYear 2000 35 251.8 28.6191329350289 0.561159469314293
608 BiologicalYear 2000 36 185 20.7629003646288 0.561159469314293
609 BiologicalYear 2000 37 263.6 27.4968139964003 1.68347840794288
610 BiologicalYear 2000 38 240.1 25.8133355884575 1.12231893862859
611 BiologicalYear 2000 39 231.1 17.9571030180574 5.05043522382864
612 BiologicalYear 2000 40 138.5 12.6915566643249 3.86264768044672
613 BiologicalYear 2000 41 177 16.5542043447716 4.96626130343149
614 BiologicalYear 2000 42 139.5 13.2433634758173 5.51806811492388
615 BiologicalYear 2000 43 177.4 13.2433634758173 12.6915566643249
616 BiologicalYear 2000 44 252.4 21.3731612875081 16.1917888541728
617 BiologicalYear 2000 45 345.7 29.792891491678 22.020832841675
618 BiologicalYear 2000 46 543.1 38.2126216958479 34.3265923708464
619 BiologicalYear 2000 47 812.9 51.8137243333531 38.8602932500148
620 BiologicalYear 2000 48 802.1 54.278149669425 49.0733955915349
621 BiologicalYear 2000 49 1182.3 69.1488756062537 52.7910770757421
622 BiologicalYear 2000 50 651.7 39.4074237325962 44.6121778104863
623 BiologicalYear 2000 51 963.8 50.5604681852178 73.6100933873024
624 BiologicalYear 2000 52 912.6 55.7652222631079 68.4053393094123
625 BiologicalYear 2001 1 1082.399999 68.0471760461529 65.6169197587903
626 BiologicalYear 2001 2 863.199998 55.0858091802191 76.1480303373616
627 BiologicalYear 2001 3 930.600001 45.3647840307686 85.869055486812
628 BiologicalYear 2001 4 933.9 43.7446131725269 85.0589700576912
629 BiologicalYear 2001 5 1250.6 98.1494809775429 98.1494809775429
630 BiologicalYear 2001 6 1002.7 71.2875177626364 89.8842615268024
631 BiologicalYear 2001 7 848.799999 57.8565361551832 72.320670193979
632 BiologicalYear 2001 8 1000.9 65.0886031745811 69.2212128999513
633 BiologicalYear 2001 9 826.9 46.9614741519344 66.9201006665065
634 BiologicalYear 2001 10 1018.1 49.3095478595311 66.9201006665065
635 BiologicalYear 2001 11 1069.5 61.0499163975147 70.4422112279016
636 BiologicalYear 2001 12 1384.5 66.9201006665065 58.701842689918
637 BiologicalYear 2001 13 2147.2 97.4450588652639 54.0056952747246
638 BiologicalYear 2001 14 4014.399999 104.700606621738 48.3233569023405
639 BiologicalYear 2001 15 6776.199999 131.163397306353 57.5278058361196
640 BiologicalYear 2001 16 7211.299999 155.325075757523 66.7322547698988
641 BiologicalYear 2001 17 9781.900005 182.93842255886 59.8289180695644
642 BiologicalYear 2001 18 8902 203.127160296777 46.7877166975723
643 BiologicalYear 2001 19 8781.299999 171.174573283801 61.6228463821683
644 BiologicalYear 2001 20 9353.499999 186.009702968397 42.2230614100042
645 BiologicalYear 2001 21 10986.199994 212.256470871913 53.6346996289243
646 BiologicalYear 2001 22 8956.799996 175.401105957475 29.5857287157187
647 BiologicalYear 2001 23 7677.6 154.268442589105 52.8316584209262
648 BiologicalYear 2001 24 6369.499999 135.249045557571 61.2847237682744
649 BiologicalYear 2001 25 6298.6 145.815377241756 65.5112564419485
650 BiologicalYear 2001 26 5110.8 128.90924654706 57.0581910946003
651 BiologicalYear 2001 27 3828.1 92.8381382509591 49.0465636042803
652 BiologicalYear 2001 28 2978.099999 83.2039918286898 49.9223950972139
653 BiologicalYear 2001 29 3428.3 90.2106437721584 42.9157431537453
654 BiologicalYear 2001 30 2124.899999 82.3281603357562 16.640798365738
655 BiologicalYear 2001 31 1411.600001 50.5657672930954 12.4682713873386
656 BiologicalYear 2001 32 1123.1 62.3413569366929 0
657 BiologicalYear 2001 33 1329.5 55.4145394992826 0
658 BiologicalYear 2001 34 1305.2 54.0291760118005 0.692681743741032
659 BiologicalYear 2001 35 866.1 29.3039598708071 0.563537689823213
660 BiologicalYear 2001 36 393.7 24.2321206623982 0
661 BiologicalYear 2001 37 147 10.1436784168178 0.563537689823213
662 BiologicalYear 2001 38 258.9 14.0884422455803 0
663 BiologicalYear 2001 39 216.7 8.45306534734819 0.563537689823213
664 BiologicalYear 2001 40 161 9.97461710987087 0.554145394992826
665 BiologicalYear 2001 41 271.5 13.2994894798278 1.10829078998565
666 BiologicalYear 2001 42 327.5 18.2867980347633 1.10829078998565
667 BiologicalYear 2001 43 206 12.745344084835 2.2165815799713
668 BiologicalYear 2001 44 280.5 15.609994008103 1.30083283400858
669 BiologicalYear 2001 45 491 33.1712372672189 5.20333133603433
670 BiologicalYear 2001 46 530 34.4720701012275 6.50416417004292
671 BiologicalYear 2001 47 438.4 24.0654074291588 13.0083283400858
672 BiologicalYear 2001 48 833.4 29.8674975606303 17.9204985363782
673 BiologicalYear 2001 49 1278.1 47.0413086579927 33.6009347557091
674 BiologicalYear 2001 50 1656.5 67.2018695114181 23.1473106094885
675 BiologicalYear 2001 51 1728.199999 66.4551820724024 30.614184999646
676 BiologicalYear 2001 52 1566.300001 71.6819941455127 38.0810593898036
677 BiologicalYear 2002 1 1331.2 53.8558160469382 56.3803074241384
678 BiologicalYear 2002 2 1287.1 53.0143189212048 62.2707873042723
679 BiologicalYear 2002 3 1658.3 57.2218045498718 71.5272556873398
680 BiologicalYear 2002 4 1635.3 78.2592326932071 53.0143189212048
681 BiologicalYear 2002 5 1553.1 83.7106705946974 70.8321058878209
682 BiologicalYear 2002 6 2092.4 116.980296087462 85.8570980458435
683 BiologicalYear 2002 7 1986.4 104.101731380585 80.4910294179783
684 BiologicalYear 2002 8 1808.8 93.3695941248548 91.2231666737087
685 BiologicalYear 2002 9 1222.5 54.8802473304397 47.5628810197144
686 BiologicalYear 2002 10 2619.300001 86.5888346769161 80.4910294179783
687 BiologicalYear 2002 11 4264.4 131.712593593055 132.932154644843
688 BiologicalYear 2002 12 4954.600001 170.738547250257 119.51698307518
689 BiologicalYear 2002 13 4037.5 151.225570421656 97.564884143004
690 BiologicalYear 2002 14 5249 132.66385121345 123.102492567435
691 BiologicalYear 2002 15 6930.4 182.860984105025 89.6377373063849
692 BiologicalYear 2002 16 7844.999997 217.520909196827 62.1488311990935
693 BiologicalYear 2002 17 9588.099999 280.864910226673 40.6357742455612
694 BiologicalYear 2002 18 12213.100004 277.386722106975 18.9666134774
695 BiologicalYear 2002 19 12940.700002 263.161761998925 28.4499202161
696 BiologicalYear 2002 20 11906.199996 266.718002025937 26.079093531425
697 BiologicalYear 2002 21 9924.600007 240.638908494512 14.22496010805
698 BiologicalYear 2002 22 7639.199997 183.300026083669 9.87844451947915
699 BiologicalYear 2002 23 9319.299995 206.349729962453 21.9520989321759
700 BiologicalYear 2002 24 8611.6 226.106619001412 36.2209632380902
701 BiologicalYear 2002 25 7142.699999 215.130569535324 25.2449137720023
702 BiologicalYear 2002 26 4275.000003 160.250322204884 18.6592840923495
703 BiologicalYear 2002 27 3341.6 114.633860623823 14.5566807141362
704 BiologicalYear 2002 28 3678.437 135.559089150393 15.4664732587697
705 BiologicalYear 2002 29 2392.990001 101.896764998953 13.6468881695027
706 BiologicalYear 2002 30 1082.3 56.4071377672778 16.3762658034032
707 BiologicalYear 2002 31 622 38.1356740893967 7.9149512261012
708 BiologicalYear 2002 32 202 10.0735742877652 2.15862306166396
709 BiologicalYear 2002 33 416.7 24.4643946988582 0
710 BiologicalYear 2002 34 151 7.19541020554654 0.719541020554654
711 BiologicalYear 2002 35 128.9 8.78083957287036 0.585389304858024
712 BiologicalYear 2002 36 159.700001 8.19545026801234 0
713 BiologicalYear 2002 37 152 5.85389304858024 0
714 BiologicalYear 2002 38 205 6.43928235343826 0
715 BiologicalYear 2002 39 100 7.02467165829629 0
716 BiologicalYear 2002 40 181 5.18069534799351 0
717 BiologicalYear 2002 41 323.7 10.361390695987 1.72689844933117
718 BiologicalYear 2002 42 136.3 6.90759379732468 3.45379689866234
719 BiologicalYear 2002 43 142.8 8.63449224665585 3.45379689866234
720 BiologicalYear 2002 44 214.1 14.1883732764964 4.05382093614182
721 BiologicalYear 2002 45 601.4 27.7011097303024 15.539646921877
722 BiologicalYear 2002 46 550.5 25.6741992622315 14.1883732764964
723 BiologicalYear 2002 47 997.5 36.4843884252764 25.6741992622315
724 BiologicalYear 2002 48 1307.299998 58.1730621702661 29.4743514996015
725 BiologicalYear 2002 49 1676.6 72.13459709113 30.2499923285384
726 BiologicalYear 2002 50 1537.2 72.13459709113 24.0448656970433
727 BiologicalYear 2002 51 1583.9 75.2371604068775 38.0064006179072
728 BiologicalYear 2002 52 1286 52.743576367708 49.6410130519604
729 BiologicalYear 2003 1 1398 54.7347782285167 74.8041969123062
730 BiologicalYear 2003 2 1566.800001 78.4531821275407 83.0144136465837
731 BiologicalYear 2003 3 1573.700001 77.5409358237321 86.6633988618182
732 BiologicalYear 2003 4 1858.5 95.7858618999043 76.6286895199234
733 BiologicalYear 2003 5 1651.8 110.527233331015 70.9701182441251
734 BiologicalYear 2003 6 2184.1 134.959569119976 75.6238964896415
735 BiologicalYear 2003 7 2000.3 111.690677892394 91.9121203489489
736 BiologicalYear 2003 8 2235 133.796124558596 81.441119296537
737 BiologicalYear 2003 9 1489.6 91.2246303808612 48.9175554216212
738 BiologicalYear 2003 10 3725.400001 174.516684206865 42.30707495924
739 BiologicalYear 2003 11 4342.700002 204.924894333819 52.88384369905
740 BiologicalYear 2003 12 5023.4 214.179566981152 68.748996808765
741 BiologicalYear 2003 13 4949.699998 251.198257570487 33.0524023119062
742 BiologicalYear 2003 14 5520.300001 243.582984077824 27.2087375831612
743 BiologicalYear 2003 15 7572.899999 235.809059054064 19.4348125594009
744 BiologicalYear 2003 16 8170.199999 309.661346779787 28.5043917537879
745 BiologicalYear 2003 17 8530.099995 274.678684172866 28.5043917537879
746 BiologicalYear 2003 18 7965.100002 236.454241947192 24.4164706358514
747 BiologicalYear 2003 19 11445.499996 301.993189443425 42.4075542622682
748 BiologicalYear 2003 20 8376.799998 276.291641405687 25.7015480377383
749 BiologicalYear 2003 21 8110 267.296099592478 25.7015480377383
750 BiologicalYear 2003 22 7913.699995 260.585139827069 19.038183731658
751 BiologicalYear 2003 23 5808.599999 220.128999397296 27.3673891142584
752 BiologicalYear 2003 24 4837.600001 190.38183731658 51.1651187788309
753 BiologicalYear 2003 25 2216.100001 99.9504645912045 44.0257998794591
754 BiologicalYear 2003 26 1827.100001 77.3426214098606 45.2156863626877
755 BiologicalYear 2003 27 3651.599997 116.381474828499 28.6022268646312
756 BiologicalYear 2003 28 1982.5 80.8752621689572 8.87655316488554
757 BiologicalYear 2003 29 1961.199999 103.559786923665 11.8354042198474
758 BiologicalYear 2003 30 1275.4 77.9164111139953 4.93141842493641
759 BiologicalYear 2003 31 1239.800004 46.8022016736592 1.56007338912197
760 BiologicalYear 2003 32 1268.4 51.4824218410252 0
761 BiologicalYear 2003 33 507.200001 31.9815044770005 1.56007338912197
762 BiologicalYear 2003 34 544.9 31.9815044770005 0
763 BiologicalYear 2003 35 199.2 12.0575163633834 0
764 BiologicalYear 2003 36 259.900001 13.3267286121606 1.2692122487772
765 BiologicalYear 2003 37 503.4 23.4804266023782 0
766 BiologicalYear 2003 38 121 8.2498796170518 0
767 BiologicalYear 2003 39 249.5 14.5959408609378 0
768 BiologicalYear 2003 40 110.2 9.98446969038064 0
769 BiologicalYear 2003 41 176.4 14.3526751799222 1.87208806694637
770 BiologicalYear 2003 42 144.6 11.2325284016782 3.74417613389274
771 BiologicalYear 2003 43 364.399998 17.4728219581661 2.49611742259516
772 BiologicalYear 2003 44 288.599999 17.5785896455642 3.66220617615921
773 BiologicalYear 2003 45 301.7 19.7759133512597 8.78929482278211
774 BiologicalYear 2003 46 628.4 34.4247380558966 15.3812659398687
775 BiologicalYear 2003 47 661.199999 40.2842679377513 16.8461484103324
776 BiologicalYear 2003 48 754.799999 36.9975370518554 27.7481527888915
777 BiologicalYear 2003 49 1204.699999 58.8597180370427 23.5438872148171
778 BiologicalYear 2003 50 1559.6 85.7670177111193 33.6341245925958
779 BiologicalYear 2003 51 1287.899999 75.6767803333405 41.2018026259299
780 BiologicalYear 2003 52 3364.199998 169.011476077794 85.7670177111193
781 BiologicalYear 2004 1 1611.1 112.269988269819 36.4637568739585
782 BiologicalYear 2004 2 1642.600001 110.35084317119 39.3424745219025
783 BiologicalYear 2004 3 2180.6 111.310415720505 43.1807647191613
784 BiologicalYear 2004 4 2476.9 99.7955451287284 40.3020470712172
785 BiologicalYear 2004 5 3210.4 161.541952649848 63.6377389226674
786 BiologicalYear 2004 6 3597.500001 156.646741963489 77.0995683101547
787 BiologicalYear 2004 7 3730.199999 166.437163336207 74.6519629669752
788 BiologicalYear 2004 8 3043.399999 110.142240443078 41.6092908340518
789 BiologicalYear 2004 9 3156.6 136.287115699768 89.0038306610733
790 BiologicalYear 2004 10 4262.899999 172.444921905829 91.7852003692318
791 BiologicalYear 2004 11 5274.399999 196.086564425177 50.0646547468537
792 BiologicalYear 2004 12 11485 262.839437420982 70.9249275580428
793 BiologicalYear 2004 13 10343.799998 268.402176837299 63.9715032876464
794 BiologicalYear 2004 14 12952.100007 248.042550573579 58.6034597509004
795 BiologicalYear 2004 15 16434.800001 318.911850737458 27.2574231399537
796 BiologicalYear 2004 16 13233.199997 286.202942969514 17.7173250409699
797 BiologicalYear 2004 17 12866.7 273.937102556535 20.4430673549653
798 BiologicalYear 2004 18 14617.500001 229.796765288059 25.683167885136
799 BiologicalYear 2004 19 15972.799999 294.680557839981 16.2209481379806
800 BiologicalYear 2004 20 11541.699996 240.610730713379 31.0901505977962
801 BiologicalYear 2004 21 7716.7 178.430429517787 25.683167885136
802 BiologicalYear 2004 22 11668.299999 251.57489010294 25.0323273734269
803 BiologicalYear 2004 23 8529.700001 212.774782674128 17.5226291613988
804 BiologicalYear 2004 24 9086.200001 229.045795466856 40.051723797483
805 BiologicalYear 2004 25 8042.700002 226.542562729513 21.2774782674128
806 BiologicalYear 2004 26 4693 172.723058876645 36.296874691469
807 BiologicalYear 2004 27 3963.8 137.980969852037 26.9737234297215
808 BiologicalYear 2004 28 3671.5 119.306853631461 25.9362725285784
809 BiologicalYear 2004 29 2789.299999 105.8199919166 22.823919825149
810 BiologicalYear 2004 30 2313.9 89.2207774983096 15.561763517147
811 BiologicalYear 2004 31 1565.5 68.1018373042618 3.28201625562708
812 BiologicalYear 2004 32 1592.5 68.1018373042618 2.46151219172031
813 BiologicalYear 2004 33 1244 57.4352844734738 3.28201625562708
814 BiologicalYear 2004 34 936 47.5892357065926 4.92302438344062
815 BiologicalYear 2004 35 734 33.3764364979025 2.6701149198322
816 BiologicalYear 2004 36 486 28.7037353881961 0.66752872995805
817 BiologicalYear 2004 37 565 32.7089077679444 0.66752872995805
818 BiologicalYear 2004 38 422 15.3531607890351 4.67270110970635
819 BiologicalYear 2004 39 279 13.350574599161 3.33764364979025
820 BiologicalYear 2004 40 219 11.1588552691321 1.31280650225083
821 BiologicalYear 2004 41 269 16.4100812781354 0
822 BiologicalYear 2004 42 215 10.5024520180066 2.62561300450166
823 BiologicalYear 2004 43 140 6.56403251125415 3.28201625562708
824 BiologicalYear 2004 44 244.5 17.7201064106781 0
825 BiologicalYear 2004 45 477.5 33.1288945938764 2.31131822747975
826 BiologicalYear 2004 46 597.7 40.8332886854755 4.62263645495949
827 BiologicalYear 2004 47 1566.4 62.4055921419532 3.08175763663966
828 BiologicalYear 2004 48 2034.9 76.9493743459142 10.613706806333
829 BiologicalYear 2004 49 2290.7 97.2923123913857 29.1876937174157
830 BiologicalYear 2004 50 2104 89.332032286636 19.4584624782771
831 BiologicalYear 2004 51 1896.9 78.718325480303 40.6858760909431
832 BiologicalYear 2004 52 1607 56.6064363004426 58.3753874348314
833 BiologicalYear 2005 1 1621.1 61.3792906787949 78.9162308727363
834 BiologicalYear 2005 2 2030.9 80.8647797831743 86.7104265144881
835 BiologicalYear 2005 3 1754.599999 65.2763884996708 90.6075243353639
836 BiologicalYear 2005 4 900.5 28.2539592013501 74.0448585966415
837 BiologicalYear 2005 5 1285.200002 57.1574347061794 121.77018698273
838 BiologicalYear 2005 6 1890.599997 65.8553052049459 142.893586765449
839 BiologicalYear 2005 7 2086.3 78.2808344888979 129.225504553101
840 BiologicalYear 2005 8 2025.8 86.9787049876643 100.646787200012
841 BiologicalYear 2005 9 2683.3 101.663421414153 104.487405342324
842 BiologicalYear 2005 10 2666.000002 101.663421414153 125.667284803606
843 BiologicalYear 2005 11 3777.9 138.375212480375 67.7756142761021
844 BiologicalYear 2005 12 5370.799997 201.914850864221 70.599598204273
845 BiologicalYear 2005 13 4803 186.382939259281 42.3597589225638
846 BiologicalYear 2005 14 6468.7 242.156621840656 53.9663328673463
847 BiologicalYear 2005 15 7186.700002 220.016587843796 47.0475722433275
848 BiologicalYear 2005 16 9167.9 243.54037396546 20.7562818720563
849 BiologicalYear 2005 17 10747.5 287.82044195918 33.21005099529
850 BiologicalYear 2005 18 10155.3 263.511588305485 26.0766675927303
851 BiologicalYear 2005 19 10452.699999 293.705624465488 16.4694742690928
852 BiologicalYear 2005 20 8176.700001 266.256500683667 15.0970180800017
853 BiologicalYear 2005 21 5900.8 215.475621687298 17.8419304581839
854 BiologicalYear 2005 22 5038.6 174.098609171737 12.7079276767691
855 BiologicalYear 2005 23 3576 144.870375515168 11.4371349090922
856 BiologicalYear 2005 24 4171.600001 165.203059797999 8.8955493737384
857 BiologicalYear 2005 25 3449.6 147.411961050522 12.7079276767691
858 BiologicalYear 2005 26 3315.2 142.328789979814 11.4371349090922
859 BiologicalYear 2005 27 1619.5 66.3607983280884 8.42676804166202
860 BiologicalYear 2005 28 2960 108.494638536399 4.21338402083101
861 BiologicalYear 2005 29 2177.4 94.8011404686978 3.16003801562326
862 BiologicalYear 2005 30 1992.1 87.4277184322435 5.26673002603877
863 BiologicalYear 2005 31 2062.5 72.4775475165066 0.833075258810421
864 BiologicalYear 2005 32 1673 61.6475691519712 0
865 BiologicalYear 2005 33 1234 56.6491175991086 0
866 BiologicalYear 2005 34 588 30.8237845759856 0.833075258810421
867 BiologicalYear 2005 35 305 19.6549281400696 0.677756142761021
868 BiologicalYear 2005 36 435 23.7214649966357 2.03326842828306
869 BiologicalYear 2005 37 187 13.5551228552204 0
870 BiologicalYear 2005 38 8 0.677756142761021 0.677756142761021
871 BiologicalYear 2005 39 88 6.77756142761021 0.677756142761021
872 BiologicalYear 2005 40 77 5.99814186343503 0
873 BiologicalYear 2005 41 141 9.33044289867672 0
874 BiologicalYear 2005 42 209 6.66460207048337 0
875 BiologicalYear 2005 43 199 7.33106227753171 0
876 BiologicalYear 2005 44 430.2 24.2495499912037 0
877 BiologicalYear 2005 45 545.2 31.2897419241338 0
878 BiologicalYear 2005 46 1015.9 41.4589080494773 0
879 BiologicalYear 2005 47 858.8 46.1523693380974 0
880 BiologicalYear 2005 48 1457.4 75.4342586893016 0.898026889158352
881 BiologicalYear 2005 49 1792.3 84.4145275808851 3.59210755663341
882 BiologicalYear 2005 50 1937.9 92.4967695833103 4.49013444579176
883 BiologicalYear 2005 51 1435 74.5362318001433 16.1644840048503
884 BiologicalYear 2005 52 1456.4 73.6382049109849 10.7763226699002
885 BiologicalYear 2006 1 1972.999999 96.8995827092264 56.7694524963145
886 BiologicalYear 2006 2 1752.9 88.0905297356604 49.9179668502075
887 BiologicalYear 2006 3 1374 52.8543178413962 50.8967505139371
888 BiologicalYear 2006 4 1956.6 85.1541787444717 57.748236160044
889 BiologicalYear 2006 5 2232.200001 118.588861286654 54.925367332766
890 BiologicalYear 2006 6 2434.900002 114.843949877602 49.9321521206964
891 BiologicalYear 2006 7 3986.900002 138.561722134932 73.6499243780272
892 BiologicalYear 2006 8 3929.100004 136.065114528898 58.6702787418183
893 BiologicalYear 2006 9 5411.400002 143.271231937225 25.5334868799016
894 BiologicalYear 2006 10 8411.499999 224.12727372358 25.5334868799016
895 BiologicalYear 2006 11 13111.299994 289.379517972218 8.51116229330052
896 BiologicalYear 2006 12 12955.2 263.846031092316 12.7667434399508
897 BiologicalYear 2006 13 15164.900001 276.612774532267 9.92968934218394
898 BiologicalYear 2006 14 20311.900001 284.982084120679 0
899 BiologicalYear 2006 15 16777 264.129736502093 1.39015650790575
900 BiologicalYear 2006 16 22970.3 337.808031421098 2.7803130158115
901 BiologicalYear 2006 17 16533.200001 265.519893009999 0
902 BiologicalYear 2006 18 12119.6 182.002694479938 1.37880829151468
903 BiologicalYear 2006 19 12766.1 279.898083177481 5.51523316605874
904 BiologicalYear 2006 20 12021 286.792124635054 1.37880829151468
905 BiologicalYear 2006 21 7377.9 184.760311062968 5.51523316605874
906 BiologicalYear 2006 22 12010.5 252.781520111025 5.10669737598031
907 BiologicalYear 2006 23 9852.2 233.631404951099 6.38337171997539
908 BiologicalYear 2006 24 5462.4 164.690990375365 11.4900690959557
909 BiologicalYear 2006 25 4704.1 151.924246935414 25.5334868799016
910 BiologicalYear 2006 26 4721.6 157.030944311395 24.2568125359065
911 BiologicalYear 2006 27 4510 131.219426129912 13.7568753200714
912 BiologicalYear 2006 28 4105.5 124.87009905911 2.11644235693406
913 BiologicalYear 2006 29 2363.4 79.3665883850274 4.23288471386813
914 BiologicalYear 2006 30 2842 80.4248095634944 4.23288471386813
915 BiologicalYear 2006 31 2696 66.9544767072974 0
916 BiologicalYear 2006 32 1060 32.6403073948075 0.836930958841218
917 BiologicalYear 2006 33 508 19.249412053348 0
918 BiologicalYear 2006 34 448 26.781790682919 0
919 BiologicalYear 2006 35 917 25.1930403881695 0
920 BiologicalYear 2006 36 169 8.1707158015685 0
921 BiologicalYear 2006 37 19 2.04267895039212 0
922 BiologicalYear 2006 38 214 4.76625088424829 0
923 BiologicalYear 2006 39 553 9.53250176849658 0
924 BiologicalYear 2006 40 446 15.3995296426784 0
925 BiologicalYear 2006 41 147.5 8.03453720487569 0
926 BiologicalYear 2006 42 646 20.0863430121892 0
927 BiologicalYear 2006 43 574.1 17.4081639438973 0.669544767072974
928 BiologicalYear 2006 44 666.5 22.0041915822796 0
929 BiologicalYear 2006 45 820.4 22.790055567361 4.71518391048849
930 BiologicalYear 2006 46 927 26.7193754927681 7.07277586573273
931 BiologicalYear 2006 47 1878.5 53.4387509855362 14.9314157165469
932 BiologicalYear 2006 48 2716.5 77.5877554657275 11.7283816401681
933 BiologicalYear 2006 49 2492.1 80.2943050749971 16.2392976556174
934 BiologicalYear 2006 50 1879.5 70.3702898410087 29.7720457019652
935 BiologicalYear 2006 51 1609.5 47.8157097637623 39.6960609359536
936 BiologicalYear 2006 52 2148.5 72.1746562471884 37.8916945297739
937 BiologicalYear 2007 1 2405 68.2283754115201 68.2283754115201
938 BiologicalYear 2007 2 1428.7 39.7998856567201 57.8045958347601
939 BiologicalYear 2007 3 1185.5 24.63802445416 57.8045958347601
940 BiologicalYear 2007 4 2183.24 56.8569795096001 104.2377957676
941 BiologicalYear 2007 5 1447 42.2993953839537 74.9303575372894
942 BiologicalYear 2007 6 1560.1 45.9250578454355 111.186982152107
943 BiologicalYear 2007 7 2272.2 73.7218033834622 116.021198767416
944 BiologicalYear 2007 8 2226.2 88.2244532293892 72.5132492296349
945 BiologicalYear 2007 9 1973 75.5346346142031 63.1744216773335
946 BiologicalYear 2007 10 2822.2 86.5214905580871 82.4014195791306
947 BiologicalYear 2007 11 5707.05 177.163052095131 60.4277076913624
948 BiologicalYear 2007 12 5011 174.41633810916 49.4408517474784
949 BiologicalYear 2007 13 5019 170.296267130203 21.9737118877682
950 BiologicalYear 2007 14 6194.9 176.31157075948 21.5342376500128
951 BiologicalYear 2007 15 9131.7 226.109495325134 14.8047883843838
952 BiologicalYear 2007 16 10078.2 196.499918556367 10.7671188250064
953 BiologicalYear 2007 17 12013.9 235.530724297015 1.3458898531258
954 BiologicalYear 2007 18 11759.2 252.296666467382 2.66980599436383
955 BiologicalYear 2007 19 12328.3 217.589188540652 2.66980599436383
956 BiologicalYear 2007 20 16072.5 237.612733498381 2.66980599436383
957 BiologicalYear 2007 21 13489.7 236.277830501199 2.66980599436383
958 BiologicalYear 2007 22 9598 173.042981116174 3.70806388106088
959 BiologicalYear 2007 23 9629.2 184.167172759357 7.41612776212175
960 BiologicalYear 2007 24 6079.6 132.254278424505 11.1241916431826
961 BiologicalYear 2007 25 7896.8 177.987066290922 9.88817034949567
962 BiologicalYear 2007 26 6482.6 159.446746885618 9.88817034949567
963 BiologicalYear 2007 27 4518 111.673150527624 6.14714590060314
964 BiologicalYear 2007 28 4057.6 101.427907359952 6.14714590060314
965 BiologicalYear 2007 29 4263.5 113.722199161158 4.09809726706876
966 BiologicalYear 2007 30 3332.8 101.427907359952 0
967 BiologicalYear 2007 31 2421.1 61.5813275654703 0
968 BiologicalYear 2007 32 1269.9 38.0831894154882 0.810280625861451
969 BiologicalYear 2007 33 1238.6 39.7037506672111 0
970 BiologicalYear 2007 34 573 12.9644900137832 0
971 BiologicalYear 2007 35 343 6.59211356633045 0
972 BiologicalYear 2007 36 232 3.95526813979827 0
973 BiologicalYear 2007 37 177 5.27369085306436 0
974 BiologicalYear 2007 38 104 3.29605678316522 0
975 BiologicalYear 2007 39 14 1.97763406989913 0
976 BiologicalYear 2007 40 54 5.83402050620245 0
977 BiologicalYear 2007 41 69 5.83402050620245 0.648224500689161
978 BiologicalYear 2007 42 42 4.53757150482413 0
979 BiologicalYear 2007 43 43 4.53757150482413 0
980 BiologicalYear 2007 44 329 14.4559557081655 0.760839774113973
981 BiologicalYear 2007 45 252 13.6951159340515 0
982 BiologicalYear 2007 46 788.4 29.6727511904449 0
983 BiologicalYear 2007 47 921.5 30.4335909645589 1.52167954822795
984 BiologicalYear 2007 48 1048.2 42.7992973294004 1.74691009507757
985 BiologicalYear 2007 49 1479.1 46.2931175195556 12.228370665543
986 BiologicalYear 2007 50 2103.3 61.1418533277149 16.5956459032369
987 BiologicalYear 2007 51 1754.1 55.0276679949434 19.2160110458533
988 BiologicalYear 2007 52 1606 48.0400276146331 32.317836758935
989 BiologicalYear 2008 1 1686.7 47.4202272444128 52.5745997709794
990 BiologicalYear 2008 2 1601.2 56.6980977922327 48.4511017497261
991 BiologicalYear 2008 3 2046.7 75.2538388878725 75.2538388878725
992 BiologicalYear 2008 4 1451.7 60.821595813486 62.8833448241126
993 BiologicalYear 2008 5 1534.9 80.199048471332 70.9958789746218
994 BiologicalYear 2008 6 1850 99.9201259642825 73.6253559736819
995 BiologicalYear 2008 7 1841 107.808556961463 40.756893485431
996 BiologicalYear 2008 8 1309.5 78.884309971802 32.8684624882508
997 BiologicalYear 2008 9 882 55.2787778211491 10.4581471553525
998 BiologicalYear 2008 10 1069 49.3026937323763 7.4701051109661
999 BiologicalYear 2008 11 2955.4 141.931997108356 20.9162943107051
1000 BiologicalYear 2008 12 3676.1 171.81241755222 10.4581471553525
1001 BiologicalYear 2008 13 3865.5 134.46189199739 14.9402102219322
1002 BiologicalYear 2008 14 8187.4 193.266559430915 24.890390229739
1003 BiologicalYear 2008 15 11224.7 193.266559430915 14.6414060174936
1004 BiologicalYear 2008 16 7804.9 187.409997023917 7.32070300874678
1005 BiologicalYear 2008 17 11050.1 209.372106050158 5.85656240699742
1006 BiologicalYear 2008 18 11521 249.776410574351 8.71313060143086
1007 BiologicalYear 2008 19 8319.5 201.854192266482 8.71313060143086
1008 BiologicalYear 2008 20 7063.3 191.688873231479 5.80875373428724
1009 BiologicalYear 2008 21 5422.3 184.42793106362 4.35656530071543
1010 BiologicalYear 2008 22 4703.4 157.320413636946 14.7908081197129
1011 BiologicalYear 2008 23 3562.6 129.083416317494 6.72309459986949
1012 BiologicalYear 2008 24 2029.5 91.4340865582251 0
1013 BiologicalYear 2008 25 682.7 38.993948679243 0
1014 BiologicalYear 2008 26 465 25.5477594795041 2.6892378399478
1015 BiologicalYear 2008 27 518 20.0617142860106 3.34361904766843
1016 BiologicalYear 2008 28 509 26.7489523813474 2.22907936511228
1017 BiologicalYear 2008 29 115 6.68723809533685 2.22907936511228
1018 BiologicalYear 2008 30 124 11.1453968255614 1.11453968255614
1019 BiologicalYear 2008 31 88 6.170306821658 1.762944806188
1020 BiologicalYear 2008 32 46 3.525889612376 0.881472403094
1021 BiologicalYear 2008 33 58 5.288834418564 0
1022 BiologicalYear 2008 34 47 7.933251627846 0
1023 BiologicalYear 2008 35 18 2.15139027195824 0
1024 BiologicalYear 2008 36 116 5.73704072522196 0
1025 BiologicalYear 2008 37 34 2.86852036261098 0
1026 BiologicalYear 2008 38 23 2.86852036261098 0
1027 BiologicalYear 2008 39 8 1.43426018130549 0
1028 BiologicalYear 2008 40 18.3 2.8207116899008 0
1029 BiologicalYear 2008 41 15 2.8207116899008 0
1030 BiologicalYear 2008 42 25 4.9362454573264 0
1031 BiologicalYear 2008 43 42 4.2310675348512 0
1032 BiologicalYear 2008 44 94.5 9.10456410924548 0
1033 BiologicalYear 2008 45 200 12.4153146944257 2.48306293888513
1034 BiologicalYear 2008 46 530 30.6244429129166 0.827687646295044
1035 BiologicalYear 2008 47 389.3 20.6921911573761 4.13843823147522
1036 BiologicalYear 2008 48 544.5 19.9541447724126 4.75098685057444
1037 BiologicalYear 2008 49 1471.5 55.1114474666635 3.80078948045955
1038 BiologicalYear 2008 50 2174.4 67.464013278157 10.4521710712638
1039 BiologicalYear 2008 51 2204.3 62.7130264275826 23.7549342528722
1040 BiologicalYear 2008 52 4589.1 120.675066004591 58.912236947123
1041 BiologicalYear 2009 1 1663 44.0236520355658 29.0155888416229
1042 BiologicalYear 2009 2 1947.6 48.0258022206173 33.0177390266744
1043 BiologicalYear 2009 3 1928.2 49.0263397668801 35.0188141192001
1044 BiologicalYear 2009 4 2582 76.0408535159773 35.0188141192001
1045 BiologicalYear 2009 5 2181 82.9431125307762 26.7970055868662
1046 BiologicalYear 2009 6 2166.4 82.9431125307762 48.4898196333769
1047 BiologicalYear 2009 7 2662.4 88.0473040711317 54.8700590588212
1048 BiologicalYear 2009 8 1553.7 63.8023942544432 37.0053886675771
1049 BiologicalYear 2009 9 1015.2 36.2513603718428 39.1514692015902
1050 BiologicalYear 2009 10 3359.8 85.5532104775489 82.6531016478015
1051 BiologicalYear 2009 11 4436.5 120.354516434518 55.102067765201
1052 BiologicalYear 2009 12 6091.9 137.755169413002 36.2513603718428
1053 BiologicalYear 2009 13 6798.8 145.005441487371 26.1009794677268
1054 BiologicalYear 2009 14 8328.2 156.315865923386 28.4210665315247
1055 BiologicalYear 2009 15 12656.3 153.473759270233 14.2105332657624
1056 BiologicalYear 2009 16 17715.1 217.421158966164 0
1057 BiologicalYear 2009 17 15330.1 203.210625700402 1.42105332657624
1058 BiologicalYear 2009 18 13638.2 183.228875863442 2.81890578251449
1059 BiologicalYear 2009 19 9358 119.803495756866 0
1060 BiologicalYear 2009 20 9583.5 157.858723820812 2.81890578251449
1061 BiologicalYear 2009 21 7799.4 152.220912255783 15.5039818038297
1062 BiologicalYear 2009 22 6750.4 122.674603498316 11.7454407604771
1063 BiologicalYear 2009 23 6581.4 129.199848365248 15.6605876806361
1064 BiologicalYear 2009 24 7147 120.064505551543 28.7110774144995
1065 BiologicalYear 2009 25 4250.8 108.319064791066 19.5757346007951
1066 BiologicalYear 2009 26 3238.5 92.6584771104301 23.4908815209541
1067 BiologicalYear 2009 27 2497.5 64.9044356097473 8.6539247479663
1068 BiologicalYear 2009 28 1959.4 59.4957326422683 6.49044356097473
1069 BiologicalYear 2009 29 586.3 19.4713306829242 7.57218415447051
1070 BiologicalYear 2009 30 1218.4 54.0870296747894 17.3078494959326
1071 BiologicalYear 2009 31 626.4 24.8104310384892 10.2663852573059
1072 BiologicalYear 2009 32 298 16.2551099907343 0.855532104775489
1073 BiologicalYear 2009 33 350.7 17.1106420955098 0
1074 BiologicalYear 2009 34 100 7.6997889429794 0
1075 BiologicalYear 2009 35 155 9.74436566795133 0
1076 BiologicalYear 2009 36 79 6.26423507225443 1.39205223827876
1077 BiologicalYear 2009 37 90 6.96026119139381 0
1078 BiologicalYear 2009 38 93 7.65628731053319 2.78410447655752
1079 BiologicalYear 2009 39 212.5 8.35231342967257 9.04833954881195
1080 BiologicalYear 2009 40 257.5 10.2663852573059 11.6352366249466
1081 BiologicalYear 2009 41 123 8.89753388966508 4.10655410292235
1082 BiologicalYear 2009 42 120 7.5286825220243 4.10655410292235
1083 BiologicalYear 2009 43 175 9.58195957348548 0.684425683820391
1084 BiologicalYear 2009 44 348 20.0832536460009 0
1085 BiologicalYear 2009 45 1274.3 40.1665072920018 0
1086 BiologicalYear 2009 46 1367.4 42.5764977295219 0
1087 BiologicalYear 2009 47 1178 31.3298756877614 0
1088 BiologicalYear 2009 48 1091 44.2672611772646 1.84446921571936
1089 BiologicalYear 2009 49 847 39.6560881379662 4.6111730392984
1090 BiologicalYear 2009 50 942 35.9671497065275 9.2223460785968
1091 BiologicalYear 2009 51 1380 47.9561996087033 11.9890499021758
1092 BiologicalYear 2009 52 1076 39.6560881379662 12.9112845100355
1093 BiologicalYear 2010 1 792 29.6198564405805 14.8099282202903
1094 BiologicalYear 2010 2 689 24.6832137004838 19.746570960387
1095 BiologicalYear 2010 3 595 26.6578707965225 8.88595693217416
1096 BiologicalYear 2010 4 1365.5 54.3030701410643 17.7719138643483
1097 BiologicalYear 2010 5 1172 45.3312585525406 40.2944520467028
1098 BiologicalYear 2010 6 1047.5 33.9984439144055 40.2944520467028
1099 BiologicalYear 2010 7 1849.3 75.5520975875677 52.8864683112974
1100 BiologicalYear 2010 8 982 56.6640731906758 30.2208390350271
1101 BiologicalYear 2010 9 942.8 57.2364375663392 35.772773478962
1102 BiologicalYear 2010 10 2532.2 108.749231376044 30.0491297223281
1103 BiologicalYear 2010 11 1925.8 101.594676680252 32.910951600645
1104 BiologicalYear 2010 12 3075.9 117.334697010995 17.1709312699018
1105 BiologicalYear 2010 13 2486.8 101.594676680252 14.3091093915848
1106 BiologicalYear 2010 14 6946 134.62010115603 11.2183417630025
1107 BiologicalYear 2010 15 7590.6 159.861370122785 5.60917088150124
1108 BiologicalYear 2010 16 7679.8 137.42468659678 8.41375632225186
1109 BiologicalYear 2010 17 11352.2 162.665955563536 4.20687816112593
1110 BiologicalYear 2010 18 10712.3 129.34862525617 2.78169086572409
1111 BiologicalYear 2010 19 15638.8 148.820461316239 12.5176088957584
1112 BiologicalYear 2010 20 15164.5 172.464833674893 19.4718360600686
1113 BiologicalYear 2010 21 14712.2 197.50005146641 15.2992997614825
1114 BiologicalYear 2010 22 9394.6 140.372363131447 27.0442167500953
1115 BiologicalYear 2010 23 8146.4 153.250561583873 21.8929373691247
1116 BiologicalYear 2010 24 6793.4 124.918524988535 14.166018297669
1117 BiologicalYear 2010 25 7884.7 136.508903595719 24.46857705961
1118 BiologicalYear 2010 26 4490.7 100.449947928925 29.6198564405805
1119 BiologicalYear 2010 27 3596.2 71.5197905610191 17.0793529697956
1120 BiologicalYear 2010 28 3884.9 57.6428162730602 19.2142720910201
1121 BiologicalYear 2010 29 3768.1 71.5197905610191 6.40475736367336
1122 BiologicalYear 2010 30 1200.9 30.9563272577546 3.20237868183668
1123 BiologicalYear 2010 31 1572 33.7694981641401 3.37694981641401
1124 BiologicalYear 2010 32 980 22.7944112607946 2.53271236231051
1125 BiologicalYear 2010 33 477.2 10.130849449242 4.22118727051752
1126 BiologicalYear 2010 34 196.1 5.90966217872452 3.37694981641401
1127 BiologicalYear 2010 35 97 3.43418625398035 4.12102350477642
1128 BiologicalYear 2010 36 439 7.55520975875677 6.18153525716463
1129 BiologicalYear 2010 37 212 5.49469800636856 5.49469800636856
1130 BiologicalYear 2010 38 114 4.80786075557249 0
1131 BiologicalYear 2010 39 305 8.24204700955285 0.68683725079607
1132 BiologicalYear 2010 40 64 2.02616988984841 0.675389963282803
1133 BiologicalYear 2010 41 105 2.70155985313121 1.35077992656561
1134 BiologicalYear 2010 42 116 3.37694981641401 1.35077992656561
1135 BiologicalYear 2010 43 106 4.05233977969682 0
1136 BiologicalYear 2010 44 298 9.51269592352558 0.792724660293798
1137 BiologicalYear 2010 45 394 10.3054205838194 4.75634796176279
1138 BiologicalYear 2010 46 878 21.4035658279325 3.17089864117519
1139 BiologicalYear 2010 47 1656.5 30.9162617514581 3.17089864117519
1140 BiologicalYear 2010 48 1641.1 36.4023742921917 0
1141 BiologicalYear 2010 49 2611.6 50.9633240090684 1.82011871460959
1142 BiologicalYear 2010 50 2543.2 53.6935020809828 0.910059357304793
1143 BiologicalYear 2010 51 2419 62.7940956540307 3.64023742921917
1144 BiologicalYear 2010 52 1510.3 48.233145937154 8.19053421574314
