1 930.4 42.7533370683827 75.0200065539545
2 1537.3 76.6333400282331 83.0866739253475
3 1043.8 50.8200044397756 87.9266743481833
4 1039.499999 41.9466703312434 111.320009725223
5 1214.6 55.554787462115 140.944553376107
6 1142.1 67.9002957870294 130.656629772011
7 1035.7 58.6411645433436 109.051990203411
8 1293.100001 70.986672868258 112.13836728464
9 1090.200001 64.2995225255961 91.1884137635726
10 1541.799999 90.0193315358345 114.570058318335
11 1823.7 94.6956604467869 118.077305001549
12 2747.300001 126.260880595716 102.879236040954
13 2197.300003 129.76812727893 100.541071585477
14 3159.4 164.980883978402 84.7818431555677
15 3645.8 183.312093309336 80.1990408228344
16 3750 179.874991559786 61.8678314919008
17 4309.5 209.663206722553 87.0732443219344
18 4675.100005 217.042453744036 72.7262672231324
19 5196.300002 276.132545862831 47.7266128651806
20 4414.200001 285.223329265722 39.7721773876505
21 3621.200001 255.678283206325 27.2723502086746
22 3875.2 238.843499126896 33.6695681588576
23 4685.800001 277.773937310575 25.2521761191432
24 3696.200002 244.104369151717 42.086960198572
25 2609.1 197.808712933288 38.9304381836791
26 1740.3 115.739140546073 44.1913082085006
27 2240.399999 122.098947864968 39.2460903851684
28 2112.399999 136.05311333525 64.5380153000546
29 1594.6 114.249729787935 58.4330679068062
30 1268.4 117.738271155505 39.2460903851684
31 819.2 62.7680248072591 18.6234798878681
32 733.8 77.2529536089343 5.51806811492388
33 205.5 23.4517894884265 0.689758514365485
34 518.9 60.0089907497972 2.75903405746194
35 251.8 28.6191329350289 0.561159469314293
36 185 20.7629003646288 0.561159469314293
37 263.6 27.4968139964003 1.68347840794288
38 240.1 25.8133355884575 1.12231893862859
39 231.1 17.9571030180574 5.05043522382864
40 138.5 12.6915566643249 3.86264768044672
41 177 16.5542043447716 4.96626130343149
42 139.5 13.2433634758173 5.51806811492388
43 177.4 13.2433634758173 12.6915566643249
44 252.4 21.3731612875081 16.1917888541728
45 345.7 29.792891491678 22.020832841675
46 543.1 38.2126216958479 34.3265923708464
47 812.9 51.8137243333531 38.8602932500148
48 802.1 54.278149669425 49.0733955915349
49 1182.3 69.1488756062537 52.7910770757421
50 651.7 39.4074237325962 44.6121778104863
51 963.8 50.5604681852178 73.6100933873024
52 912.6 55.7652222631079 68.4053393094123
53 1082.399999 68.0471760461529 65.6169197587903
54 863.199998 55.0858091802191 76.1480303373616
55 930.600001 45.3647840307686 85.869055486812
56 933.9 43.7446131725269 85.0589700576912
57 1250.6 98.1494809775429 98.1494809775429
58 1002.7 71.2875177626364 89.8842615268024
59 848.799999 57.8565361551832 72.320670193979
60 1000.9 65.0886031745811 69.2212128999513
61 826.9 46.9614741519344 66.9201006665065
62 1018.1 49.3095478595311 66.9201006665065
63 1069.5 61.0499163975147 70.4422112279016
64 1384.5 66.9201006665065 58.701842689918
65 2147.2 97.4450588652639 54.0056952747246
66 4014.399999 104.700606621738 48.3233569023405
67 6776.199999 131.163397306353 57.5278058361196
68 7211.299999 155.325075757523 66.7322547698988
69 9781.900005 182.93842255886 59.8289180695644
70 8902 203.127160296777 46.7877166975723
71 8781.299999 171.174573283801 61.6228463821683
72 9353.499999 186.009702968397 42.2230614100042
73 10986.199994 212.256470871913 53.6346996289243
74 8956.799996 175.401105957475 29.5857287157187
75 7677.6 154.268442589105 52.8316584209262
76 6369.499999 135.249045557571 61.2847237682744
77 6298.6 145.815377241756 65.5112564419485
78 5110.8 128.90924654706 57.0581910946003
79 3828.1 92.8381382509591 49.0465636042803
80 2978.099999 83.2039918286898 49.9223950972139
81 3428.3 90.2106437721584 42.9157431537453
82 2124.899999 82.3281603357562 16.640798365738
83 1411.600001 50.5657672930954 12.4682713873386
84 1123.1 62.3413569366929 0
85 1329.5 55.4145394992826 0
86 1305.2 54.0291760118005 0.692681743741032
87 866.1 29.3039598708071 0.563537689823213
88 393.7 24.2321206623982 0
89 147 10.1436784168178 0.563537689823213
90 258.9 14.0884422455803 0
91 216.7 8.45306534734819 0.563537689823213
92 161 9.97461710987087 0.554145394992826
93 271.5 13.2994894798278 1.10829078998565
94 327.5 18.2867980347633 1.10829078998565
95 206 12.745344084835 2.2165815799713
96 280.5 15.609994008103 1.30083283400858
97 491 33.1712372672189 5.20333133603433
98 530 34.4720701012275 6.50416417004292
99 438.4 24.0654074291588 13.0083283400858
100 833.4 29.8674975606303 17.9204985363782
101 1278.1 47.0413086579927 33.6009347557091
102 1656.5 67.2018695114181 23.1473106094885
103 1728.199999 66.4551820724024 30.614184999646
104 1566.300001 71.6819941455127 38.0810593898036
105 1331.2 53.8558160469382 56.3803074241384
106 1287.1 53.0143189212048 62.2707873042723
107 1658.3 57.2218045498718 71.5272556873398
108 1635.3 78.2592326932071 53.0143189212048
109 1553.1 83.7106705946974 70.8321058878209
110 2092.4 116.980296087462 85.8570980458435
111 1986.4 104.101731380585 80.4910294179783
112 1808.8 93.3695941248548 91.2231666737087
113 1222.5 54.8802473304397 47.5628810197144
114 2619.300001 86.5888346769161 80.4910294179783
115 4264.4 131.712593593055 132.932154644843
116 4954.600001 170.738547250257 119.51698307518
117 4037.5 151.225570421656 97.564884143004
118 5249 132.66385121345 123.102492567435
119 6930.4 182.860984105025 89.6377373063849
120 7844.999997 217.520909196827 62.1488311990935
121 9588.099999 280.864910226673 40.6357742455612
122 12213.100004 277.386722106975 18.9666134774
123 12940.700002 263.161761998925 28.4499202161
124 11906.199996 266.718002025937 26.079093531425
125 9924.600007 240.638908494512 14.22496010805
126 7639.199997 183.300026083669 9.87844451947915
127 9319.299995 206.349729962453 21.9520989321759
128 8611.6 226.106619001412 36.2209632380902
129 7142.699999 215.130569535324 25.2449137720023
130 4275.000003 160.250322204884 18.6592840923495
131 3341.6 114.633860623823 14.5566807141362
132 3678.437 135.559089150393 15.4664732587697
133 2392.990001 101.896764998953 13.6468881695027
134 1082.3 56.4071377672778 16.3762658034032
135 622 38.1356740893967 7.9149512261012
136 202 10.0735742877652 2.15862306166396
137 416.7 24.4643946988582 0
138 151 7.19541020554654 0.719541020554654
139 128.9 8.78083957287036 0.585389304858024
140 159.700001 8.19545026801234 0
141 152 5.85389304858024 0
142 205 6.43928235343826 0
143 100 7.02467165829629 0
144 181 5.18069534799351 0
145 323.7 10.361390695987 1.72689844933117
146 136.3 6.90759379732468 3.45379689866234
147 142.8 8.63449224665585 3.45379689866234
148 214.1 14.1883732764964 4.05382093614182
149 601.4 27.7011097303024 15.539646921877
150 550.5 25.6741992622315 14.1883732764964
151 997.5 36.4843884252764 25.6741992622315
152 1307.299998 58.1730621702661 29.4743514996015
153 1676.6 72.13459709113 30.2499923285384
154 1537.2 72.13459709113 24.0448656970433
155 1583.9 75.2371604068775 38.0064006179072
156 1286 52.743576367708 49.6410130519604
157 1398 54.7347782285167 74.8041969123062
158 1566.800001 78.4531821275407 83.0144136465837
159 1573.700001 77.5409358237321 86.6633988618182
160 1858.5 95.7858618999043 76.6286895199234
161 1651.8 110.527233331015 70.9701182441251
162 2184.1 134.959569119976 75.6238964896415
163 2000.3 111.690677892394 91.9121203489489
164 2235 133.796124558596 81.441119296537
165 1489.6 91.2246303808612 48.9175554216212
166 3725.400001 174.516684206865 42.30707495924
167 4342.700002 204.924894333819 52.88384369905
168 5023.4 214.179566981152 68.748996808765
169 4949.699998 251.198257570487 33.0524023119062
170 5520.300001 243.582984077824 27.2087375831612
171 7572.899999 235.809059054064 19.4348125594009
172 8170.199999 309.661346779787 28.5043917537879
173 8530.099995 274.678684172866 28.5043917537879
174 7965.100002 236.454241947192 24.4164706358514
175 11445.499996 301.993189443425 42.4075542622682
176 8376.799998 276.291641405687 25.7015480377383
177 8110 267.296099592478 25.7015480377383
178 7913.699995 260.585139827069 19.038183731658
179 5808.599999 220.128999397296 27.3673891142584
180 4837.600001 190.38183731658 51.1651187788309
181 2216.100001 99.9504645912045 44.0257998794591
182 1827.100001 77.3426214098606 45.2156863626877
183 3651.599997 116.381474828499 28.6022268646312
184 1982.5 80.8752621689572 8.87655316488554
185 1961.199999 103.559786923665 11.8354042198474
186 1275.4 77.9164111139953 4.93141842493641
187 1239.800004 46.8022016736592 1.56007338912197
188 1268.4 51.4824218410252 0
189 507.200001 31.9815044770005 1.56007338912197
190 544.9 31.9815044770005 0
191 199.2 12.0575163633834 0
192 259.900001 13.3267286121606 1.2692122487772
193 503.4 23.4804266023782 0
194 121 8.2498796170518 0
195 249.5 14.5959408609378 0
196 110.2 9.98446969038064 0
197 176.4 14.3526751799222 1.87208806694637
198 144.6 11.2325284016782 3.74417613389274
199 364.399998 17.4728219581661 2.49611742259516
200 288.599999 17.5785896455642 3.66220617615921
201 301.7 19.7759133512597 8.78929482278211
202 628.4 34.4247380558966 15.3812659398687
203 661.199999 40.2842679377513 16.8461484103324
204 754.799999 36.9975370518554 27.7481527888915
205 1204.699999 58.8597180370427 23.5438872148171
206 1559.6 85.7670177111193 33.6341245925958
207 1287.899999 75.6767803333405 41.2018026259299
208 3364.199998 169.011476077794 85.7670177111193
209 1611.1 112.269988269819 36.4637568739585
210 1642.600001 110.35084317119 39.3424745219025
211 2180.6 111.310415720505 43.1807647191613
212 2476.9 99.7955451287284 40.3020470712172
213 3210.4 161.541952649848 63.6377389226674
214 3597.500001 156.646741963489 77.0995683101547
215 3730.199999 166.437163336207 74.6519629669752
216 3043.399999 110.142240443078 41.6092908340518
217 3156.6 136.287115699768 89.0038306610733
218 4262.899999 172.444921905829 91.7852003692318
219 5274.399999 196.086564425177 50.0646547468537
220 11485 262.839437420982 70.9249275580428
221 10343.799998 268.402176837299 63.9715032876464
222 12952.100007 248.042550573579 58.6034597509004
223 16434.800001 318.911850737458 27.2574231399537
224 13233.199997 286.202942969514 17.7173250409699
225 12866.7 273.937102556535 20.4430673549653
226 14617.500001 229.796765288059 25.683167885136
227 15972.799999 294.680557839981 16.2209481379806
228 11541.699996 240.610730713379 31.0901505977962
229 7716.7 178.430429517787 25.683167885136
230 11668.299999 251.57489010294 25.0323273734269
231 8529.700001 212.774782674128 17.5226291613988
232 9086.200001 229.045795466856 40.051723797483
233 8042.700002 226.542562729513 21.2774782674128
234 4693 172.723058876645 36.296874691469
235 3963.8 137.980969852037 26.9737234297215
236 3671.5 119.306853631461 25.9362725285784
237 2789.299999 105.8199919166 22.823919825149
238 2313.9 89.2207774983096 15.561763517147
239 1565.5 68.1018373042618 3.28201625562708
240 1592.5 68.1018373042618 2.46151219172031
241 1244 57.4352844734738 3.28201625562708
242 936 47.5892357065926 4.92302438344062
243 734 33.3764364979025 2.6701149198322
244 486 28.7037353881961 0.66752872995805
245 565 32.7089077679444 0.66752872995805
246 422 15.3531607890351 4.67270110970635
247 279 13.350574599161 3.33764364979025
248 219 11.1588552691321 1.31280650225083
249 269 16.4100812781354 0
250 215 10.5024520180066 2.62561300450166
251 140 6.56403251125415 3.28201625562708
252 244.5 17.7201064106781 0
253 477.5 33.1288945938764 2.31131822747975
254 597.7 40.8332886854755 4.62263645495949
255 1566.4 62.4055921419532 3.08175763663966
256 2034.9 76.9493743459142 10.613706806333
257 2290.7 97.2923123913857 29.1876937174157
258 2104 89.332032286636 19.4584624782771
259 1896.9 78.718325480303 40.6858760909431
260 1607 56.6064363004426 58.3753874348314
261 1621.1 61.3792906787949 78.9162308727363
262 2030.9 80.8647797831743 86.7104265144881
263 1754.599999 65.2763884996708 90.6075243353639
264 900.5 28.2539592013501 74.0448585966415
265 1285.200002 57.1574347061794 121.77018698273
266 1890.599997 65.8553052049459 142.893586765449
267 2086.3 78.2808344888979 129.225504553101
268 2025.8 86.9787049876643 100.646787200012
269 2683.3 101.663421414153 104.487405342324
270 2666.000002 101.663421414153 125.667284803606
271 3777.9 138.375212480375 67.7756142761021
272 5370.799997 201.914850864221 70.599598204273
273 4803 186.382939259281 42.3597589225638
274 6468.7 242.156621840656 53.9663328673463
275 7186.700002 220.016587843796 47.0475722433275
276 9167.9 243.54037396546 20.7562818720563
277 10747.5 287.82044195918 33.21005099529
278 10155.3 263.511588305485 26.0766675927303
279 10452.699999 293.705624465488 16.4694742690928
280 8176.700001 266.256500683667 15.0970180800017
281 5900.8 215.475621687298 17.8419304581839
282 5038.6 174.098609171737 12.7079276767691
283 3576 144.870375515168 11.4371349090922
284 4171.600001 165.203059797999 8.8955493737384
285 3449.6 147.411961050522 12.7079276767691
286 3315.2 142.328789979814 11.4371349090922
287 1619.5 66.3607983280884 8.42676804166202
288 2960 108.494638536399 4.21338402083101
289 2177.4 94.8011404686978 3.16003801562326
290 1992.1 87.4277184322435 5.26673002603877
291 2062.5 72.4775475165066 0.833075258810421
292 1673 61.6475691519712 0
293 1234 56.6491175991086 0
294 588 30.8237845759856 0.833075258810421
295 305 19.6549281400696 0.677756142761021
296 435 23.7214649966357 2.03326842828306
297 187 13.5551228552204 0
298 8 0.677756142761021 0.677756142761021
299 88 6.77756142761021 0.677756142761021
300 77 5.99814186343503 0
301 141 9.33044289867672 0
302 209 6.66460207048337 0
303 199 7.33106227753171 0
304 430.2 24.2495499912037 0
305 545.2 31.2897419241338 0
306 1015.9 41.4589080494773 0
307 858.8 46.1523693380974 0
308 1457.4 75.4342586893016 0.898026889158352
309 1792.3 84.4145275808851 3.59210755663341
310 1937.9 92.4967695833103 4.49013444579176
311 1435 74.5362318001433 16.1644840048503
312 1456.4 73.6382049109849 10.7763226699002
313 1972.999999 96.8995827092264 56.7694524963145
314 1752.9 88.0905297356604 49.9179668502075
315 1374 52.8543178413962 50.8967505139371
316 1956.6 85.1541787444717 57.748236160044
317 2232.200001 118.588861286654 54.925367332766
318 2434.900002 114.843949877602 49.9321521206964
319 3986.900002 138.561722134932 73.6499243780272
320 3929.100004 136.065114528898 58.6702787418183
321 5411.400002 143.271231937225 25.5334868799016
322 8411.499999 224.12727372358 25.5334868799016
323 13111.299994 289.379517972218 8.51116229330052
324 12955.2 263.846031092316 12.7667434399508
325 15164.900001 276.612774532267 9.92968934218394
326 20311.900001 284.982084120679 0
327 16777 264.129736502093 1.39015650790575
328 22970.3 337.808031421098 2.7803130158115
329 16533.200001 265.519893009999 0
330 12119.6 182.002694479938 1.37880829151468
331 12766.1 279.898083177481 5.51523316605874
332 12021 286.792124635054 1.37880829151468
333 7377.9 184.760311062968 5.51523316605874
334 12010.5 252.781520111025 5.10669737598031
335 9852.2 233.631404951099 6.38337171997539
336 5462.4 164.690990375365 11.4900690959557
337 4704.1 151.924246935414 25.5334868799016
338 4721.6 157.030944311395 24.2568125359065
339 4510 131.219426129912 13.7568753200714
340 4105.5 124.87009905911 2.11644235693406
341 2363.4 79.3665883850274 4.23288471386813
342 2842 80.4248095634944 4.23288471386813
343 2696 66.9544767072974 0
344 1060 32.6403073948075 0.836930958841218
345 508 19.249412053348 0
346 448 26.781790682919 0
347 917 25.1930403881695 0
348 169 8.1707158015685 0
349 19 2.04267895039212 0
350 214 4.76625088424829 0
351 553 9.53250176849658 0
352 446 15.3995296426784 0
353 147.5 8.03453720487569 0
354 646 20.0863430121892 0
355 574.1 17.4081639438973 0.669544767072974
356 666.5 22.0041915822796 0
357 820.4 22.790055567361 4.71518391048849
358 927 26.7193754927681 7.07277586573273
359 1878.5 53.4387509855362 14.9314157165469
360 2716.5 77.5877554657275 11.7283816401681
361 2492.1 80.2943050749971 16.2392976556174
362 1879.5 70.3702898410087 29.7720457019652
363 1609.5 47.8157097637623 39.6960609359536
364 2148.5 72.1746562471884 37.8916945297739
365 2405 68.2283754115201 68.2283754115201
366 1428.7 39.7998856567201 57.8045958347601
367 1185.5 24.63802445416 57.8045958347601
368 2183.24 56.8569795096001 104.2377957676
369 1447 42.2993953839537 74.9303575372894
370 1560.1 45.9250578454355 111.186982152107
371 2272.2 73.7218033834622 116.021198767416
372 2226.2 88.2244532293892 72.5132492296349
373 1973 75.5346346142031 63.1744216773335
374 2822.2 86.5214905580871 82.4014195791306
375 5707.05 177.163052095131 60.4277076913624
376 5011 174.41633810916 49.4408517474784
377 5019 170.296267130203 21.9737118877682
378 6194.9 176.31157075948 21.5342376500128
379 9131.7 226.109495325134 14.8047883843838
380 10078.2 196.499918556367 10.7671188250064
381 12013.9 235.530724297015 1.3458898531258
382 11759.2 252.296666467382 2.66980599436383
383 12328.3 217.589188540652 2.66980599436383
384 16072.5 237.612733498381 2.66980599436383
385 13489.7 236.277830501199 2.66980599436383
386 9598 173.042981116174 3.70806388106088
387 9629.2 184.167172759357 7.41612776212175
388 6079.6 132.254278424505 11.1241916431826
389 7896.8 177.987066290922 9.88817034949567
390 6482.6 159.446746885618 9.88817034949567
391 4518 111.673150527624 6.14714590060314
392 4057.6 101.427907359952 6.14714590060314
393 4263.5 113.722199161158 4.09809726706876
394 3332.8 101.427907359952 0
395 2421.1 61.5813275654703 0
396 1269.9 38.0831894154882 0.810280625861451
397 1238.6 39.7037506672111 0
398 573 12.9644900137832 0
399 343 6.59211356633045 0
400 232 3.95526813979827 0
401 177 5.27369085306436 0
402 104 3.29605678316522 0
403 14 1.97763406989913 0
404 54 5.83402050620245 0
405 69 5.83402050620245 0.648224500689161
406 42 4.53757150482413 0
407 43 4.53757150482413 0
408 329 14.4559557081655 0.760839774113973
409 252 13.6951159340515 0
410 788.4 29.6727511904449 0
411 921.5 30.4335909645589 1.52167954822795
412 1048.2 42.7992973294004 1.74691009507757
413 1479.1 46.2931175195556 12.228370665543
414 2103.3 61.1418533277149 16.5956459032369
415 1754.1 55.0276679949434 19.2160110458533
416 1606 48.0400276146331 32.317836758935
417 1686.7 47.4202272444128 52.5745997709794
418 1601.2 56.6980977922327 48.4511017497261
419 2046.7 75.2538388878725 75.2538388878725
420 1451.7 60.821595813486 62.8833448241126
421 1534.9 80.199048471332 70.9958789746218
422 1850 99.9201259642825 73.6253559736819
423 1841 107.808556961463 40.756893485431
424 1309.5 78.884309971802 32.8684624882508
425 882 55.2787778211491 10.4581471553525
426 1069 49.3026937323763 7.4701051109661
427 2955.4 141.931997108356 20.9162943107051
428 3676.1 171.81241755222 10.4581471553525
429 3865.5 134.46189199739 14.9402102219322
430 8187.4 193.266559430915 24.890390229739
431 11224.7 193.266559430915 14.6414060174936
432 7804.9 187.409997023917 7.32070300874678
433 11050.1 209.372106050158 5.85656240699742
434 11521 249.776410574351 8.71313060143086
435 8319.5 201.854192266482 8.71313060143086
436 7063.3 191.688873231479 5.80875373428724
437 5422.3 184.42793106362 4.35656530071543
438 4703.4 157.320413636946 14.7908081197129
439 3562.6 129.083416317494 6.72309459986949
440 2029.5 91.4340865582251 0
441 682.7 38.993948679243 0
442 465 25.5477594795041 2.6892378399478
443 518 20.0617142860106 3.34361904766843
444 509 26.7489523813474 2.22907936511228
445 115 6.68723809533685 2.22907936511228
446 124 11.1453968255614 1.11453968255614
447 88 6.170306821658 1.762944806188
448 46 3.525889612376 0.881472403094
449 58 5.288834418564 0
450 47 7.933251627846 0
451 18 2.15139027195824 0
452 116 5.73704072522196 0
453 34 2.86852036261098 0
454 23 2.86852036261098 0
455 8 1.43426018130549 0
456 18.3 2.8207116899008 0
457 15 2.8207116899008 0
458 25 4.9362454573264 0
459 42 4.2310675348512 0
460 94.5 9.10456410924548 0
461 200 12.4153146944257 2.48306293888513
462 530 30.6244429129166 0.827687646295044
463 389.3 20.6921911573761 4.13843823147522
464 544.5 19.9541447724126 4.75098685057444
465 1471.5 55.1114474666635 3.80078948045955
466 2174.4 67.464013278157 10.4521710712638
467 2204.3 62.7130264275826 23.7549342528722
468 4589.1 120.675066004591 58.912236947123
469 1663 44.0236520355658 29.0155888416229
470 1947.6 48.0258022206173 33.0177390266744
471 1928.2 49.0263397668801 35.0188141192001
472 2582 76.0408535159773 35.0188141192001
473 2181 82.9431125307762 26.7970055868662
474 2166.4 82.9431125307762 48.4898196333769
475 2662.4 88.0473040711317 54.8700590588212
476 1553.7 63.8023942544432 37.0053886675771
477 1015.2 36.2513603718428 39.1514692015902
478 3359.8 85.5532104775489 82.6531016478015
479 4436.5 120.354516434518 55.102067765201
480 6091.9 137.755169413002 36.2513603718428
481 6798.8 145.005441487371 26.1009794677268
482 8328.2 156.315865923386 28.4210665315247
483 12656.3 153.473759270233 14.2105332657624
484 17715.1 217.421158966164 0
485 15330.1 203.210625700402 1.42105332657624
486 13638.2 183.228875863442 2.81890578251449
487 9358 119.803495756866 0
488 9583.5 157.858723820812 2.81890578251449
489 7799.4 152.220912255783 15.5039818038297
490 6750.4 122.674603498316 11.7454407604771
491 6581.4 129.199848365248 15.6605876806361
492 7147 120.064505551543 28.7110774144995
493 4250.8 108.319064791066 19.5757346007951
494 3238.5 92.6584771104301 23.4908815209541
495 2497.5 64.9044356097473 8.6539247479663
496 1959.4 59.4957326422683 6.49044356097473
497 586.3 19.4713306829242 7.57218415447051
498 1218.4 54.0870296747894 17.3078494959326
499 626.4 24.8104310384892 10.2663852573059
500 298 16.2551099907343 0.855532104775489
501 350.7 17.1106420955098 0
502 100 7.6997889429794 0
503 155 9.74436566795133 0
504 79 6.26423507225443 1.39205223827876
505 90 6.96026119139381 0
506 93 7.65628731053319 2.78410447655752
507 212.5 8.35231342967257 9.04833954881195
508 257.5 10.2663852573059 11.6352366249466
509 123 8.89753388966508 4.10655410292235
510 120 7.5286825220243 4.10655410292235
511 175 9.58195957348548 0.684425683820391
512 348 20.0832536460009 0
513 1274.3 40.1665072920018 0
514 1367.4 42.5764977295219 0
515 1178 31.3298756877614 0
516 1091 44.2672611772646 1.84446921571936
517 847 39.6560881379662 4.6111730392984
518 942 35.9671497065275 9.2223460785968
519 1380 47.9561996087033 11.9890499021758
520 1076 39.6560881379662 12.9112845100355
521 792 29.6198564405805 14.8099282202903
522 689 24.6832137004838 19.746570960387
523 595 26.6578707965225 8.88595693217416
524 1365.5 54.3030701410643 17.7719138643483
525 1172 45.3312585525406 40.2944520467028
526 1047.5 33.9984439144055 40.2944520467028
527 1849.3 75.5520975875677 52.8864683112974
528 982 56.6640731906758 30.2208390350271
529 942.8 57.2364375663392 35.772773478962
530 2532.2 108.749231376044 30.0491297223281
531 1925.8 101.594676680252 32.910951600645
532 3075.9 117.334697010995 17.1709312699018
533 2486.8 101.594676680252 14.3091093915848
534 6946 134.62010115603 11.2183417630025
535 7590.6 159.861370122785 5.60917088150124
536 7679.8 137.42468659678 8.41375632225186
537 11352.2 162.665955563536 4.20687816112593
538 10712.3 129.34862525617 2.78169086572409
539 15638.8 148.820461316239 12.5176088957584
540 15164.5 172.464833674893 19.4718360600686
541 14712.2 197.50005146641 15.2992997614825
542 9394.6 140.372363131447 27.0442167500953
543 8146.4 153.250561583873 21.8929373691247
544 6793.4 124.918524988535 14.166018297669
545 7884.7 136.508903595719 24.46857705961
546 4490.7 100.449947928925 29.6198564405805
547 3596.2 71.5197905610191 17.0793529697956
548 3884.9 57.6428162730602 19.2142720910201
549 3768.1 71.5197905610191 6.40475736367336
550 1200.9 30.9563272577546 3.20237868183668
551 1572 33.7694981641401 3.37694981641401
552 980 22.7944112607946 2.53271236231051
553 477.2 10.130849449242 4.22118727051752
554 196.1 5.90966217872452 3.37694981641401
555 97 3.43418625398035 4.12102350477642
556 439 7.55520975875677 6.18153525716463
557 212 5.49469800636856 5.49469800636856
558 114 4.80786075557249 0
559 305 8.24204700955285 0.68683725079607
560 64 2.02616988984841 0.675389963282803
561 105 2.70155985313121 1.35077992656561
562 116 3.37694981641401 1.35077992656561
563 106 4.05233977969682 0
564 298 9.51269592352558 0.792724660293798
565 394 10.3054205838194 4.75634796176279
566 878 21.4035658279325 3.17089864117519
567 1656.5 30.9162617514581 3.17089864117519
568 1641.1 36.4023742921917 0
569 2611.6 50.9633240090684 1.82011871460959
570 2543.2 53.6935020809828 0.910059357304793
571 2419 62.7940956540307 3.64023742921917
572 1510.3 48.233145937154 8.19053421574314
