# Minimum negative log likelihood

Minuit did successfully converge.
# of function calls: 1979
minimum function Value: 401.6779542867
minimum edm: 4.856420475023e-05
minimum internal state vector: LAVector parameters:
   -0.03492831770756
     -1.419740058444
     -1.287002217587
     -1.311693037101
     -1.247915917195
     -1.254717910651
  -0.002407216725272
      -1.06444491675
     -0.309207960146
    0.03952503891171
     0.4040899550505
     0.8451142863235

minimum internal covariance matrix: LASymMatrix parameters:
  0.00059783508 -0.00012492743              0 -7.0889881e-07  0.00027034943  0.00026384332  3.6569747e-05 -6.1088772e-05   0.0013046315    0.001851167   0.0026969961   0.0046319276
 -0.00012492743  3.3069592e-05              0  7.4782448e-07 -7.0711769e-05 -6.9129941e-05 -6.5993795e-06   4.427695e-06 -0.00032975278 -0.00046704899 -0.00067941812  -0.0011781769
              0              0              2              0              0              0              0              0              0              0              0              0
 -7.0889881e-07  7.4782448e-07              0  8.3064486e-05 -2.1610834e-06 -2.1697522e-06  1.8704595e-07 -5.1346793e-07 -6.8490416e-06 -8.6812457e-06 -1.4119483e-05 -2.1988033e-05
  0.00027034943 -7.0711769e-05              0 -2.1610834e-06  0.00015747818  0.00015323231  1.4298212e-05 -1.1230739e-05  0.00070855249   0.0010006562   0.0014562215   0.0025228302
  0.00026384332 -6.9129941e-05              0 -2.1697522e-06  0.00015323231  0.00014920995  1.3955876e-05 -1.0611395e-05  0.00069210832   0.0009780166   0.0014231578   0.0024659078
  3.6569747e-05 -6.5993795e-06              0  1.8704595e-07  1.4298212e-05  1.3955876e-05  3.0784251e-06 -5.9472601e-06  7.1346931e-05   0.0001013814  0.00014785226   0.0002539695
 -6.1088772e-05   4.427695e-06              0 -5.1346793e-07 -1.1230739e-05 -1.0611395e-05 -5.9472601e-06  2.7319816e-05 -6.4909622e-05 -9.2588259e-05 -0.00013563237 -0.00022485992
   0.0013046315 -0.00032975278              0 -6.8490416e-06  0.00070855249  0.00069210832  7.1346931e-05 -6.4909622e-05   0.0033248204   0.0046956973   0.0068365975    0.011835246
    0.001851167 -0.00046704899              0 -8.6812457e-06   0.0010006562   0.0009780166   0.0001013814 -9.2588259e-05   0.0046956973   0.0066667913   0.0096833683     0.01676909
   0.0026969961 -0.00067941812              0 -1.4119483e-05   0.0014562215   0.0014231578  0.00014785226 -0.00013563237   0.0068365975   0.0096833683     0.01410804    0.024398292
   0.0046319276  -0.0011781769              0 -2.1988033e-05   0.0025228302   0.0024659078   0.0002539695 -0.00022485992    0.011835246     0.01676909    0.024398292    0.042305656


# ext. ||   Name    ||   type  ||     Value     ||  Error +/- 

   0   ||Natural mortality || limited ||    0.04412696959693 ||0.0004319456454976
   1   ||Targeted q || limited ||     0.5693660195824 ||0.03059525674951
   2   ||Nontargeted q || limited ||                   2 ||22.06548931833
   3   ||     sigma || limited ||        1.6689941824 ||0.08255860370038
   4   ||  Biomass1 || limited ||      25.83729949593 ||1.407760583947
   5   ||  Biomass2 || limited ||      24.76914249224 ||1.342417789319
   6   ||   vm_mean || limited ||  -0.007558653217336 ||0.003895628869257
   7   ||  vm_sigma || limited ||      5.020143131077 ||0.07169848698707
   8   ||Recruit year 1 || limited ||      34.79130878653 ||1.941218678975
   9   ||Recruit year 2 || limited ||      51.98053985245 ||2.882633156379
  10   ||Recruit year 3 || limited ||      69.66214273074 ||3.856269010135
  11   ||Recruit year 4 || limited ||      87.40360790009 ||4.808559187621





