timestep,YearType,Year,Week,EstimatedFishingMort,EstimatedBiomass,EstimatedCatches
1,BiologicalYear,1989,1,0.0247702,58215.4,1392.85
2,BiologicalYear,1989,2,0.0183641,56695.4,1008.86
3,BiologicalYear,1989,3,0.0199301,55758.8,1075.97
4,BiologicalYear,1989,4,0.0288986,55023.7,1532.78
5,BiologicalYear,1989,5,0.0355853,54183.6,1852.49
6,BiologicalYear,1989,6,0.0344959,53469.4,1773.07
7,BiologicalYear,1989,7,0.0295939,53367.2,1521.87
8,BiologicalYear,1989,8,0.0443,54112.1,2293.25
9,BiologicalYear,1989,9,0.038581,54707.5,2024.87
10,BiologicalYear,1989,10,0.061482,56213.7,3278.49
11,BiologicalYear,1989,11,0.060863,57044.1,3294.42
12,BiologicalYear,1989,12,0.0649893,58371.4,3592.34
13,BiologicalYear,1989,13,0.0521978,59771.8,2973.12
14,BiologicalYear,1989,14,0.0733946,62007.4,4291.93
15,BiologicalYear,1989,15,0.0746078,62912.1,4423.89
16,BiologicalYear,1989,16,0.0681377,63513,4091.8
17,BiologicalYear,1989,17,0.0691487,64117.7,4189.97
18,BiologicalYear,1989,18,0.059961,64155.6,3651.83
19,BiologicalYear,1989,19,0.0880364,64188.8,5291.19
20,BiologicalYear,1989,20,0.0667793,61953.7,3914.38
21,BiologicalYear,1989,21,0.0613648,60532.7,3523.85
22,BiologicalYear,1989,22,0.0467923,58948.2,2635.51
23,BiologicalYear,1989,23,0.0375081,57757.3,2079.41
24,BiologicalYear,1989,24,0.0506917,56679.8,2740.01
25,BiologicalYear,1989,25,0.029338,54544,1542.18
26,BiologicalYear,1989,26,0.0220964,53306.2,1139.23
27,BiologicalYear,1989,27,0.0275501,52208.1,1387.4
28,BiologicalYear,1989,28,0.0284736,50638.9,1390.17
29,BiologicalYear,1989,29,0.0237023,48894.9,1120.01
30,BiologicalYear,1989,30,0.0206241,47289.4,943.989
31,BiologicalYear,1989,31,0.0208152,45754.8,921.729
32,BiologicalYear,1989,32,0.016433,44159.3,703.83
33,BiologicalYear,1989,33,0.00876428,42720,364.523
34,BiologicalYear,1989,34,0.0103467,41571.3,418.44
35,BiologicalYear,1989,35,0.00613995,40326.1,241.376
36,BiologicalYear,1989,36,0.00861573,39228.5,329.082
37,BiologicalYear,1989,37,0.00485254,38019.9,179.97
38,BiologicalYear,1989,38,0.00217869,36947.4,78.6276
39,BiologicalYear,1989,39,0.00514963,35966.9,180.649
40,BiologicalYear,1989,40,0.00623238,34879.9,211.91
41,BiologicalYear,1989,41,0.00594023,33765.9,195.554
42,BiologicalYear,1989,42,0.00701142,32679.2,223.271
43,BiologicalYear,1989,43,0.00993285,31581.2,305.231
44,BiologicalYear,1989,44,0.0147445,30424.9,435.463
45,BiologicalYear,1989,45,0.0138301,29171.4,391.807
46,BiologicalYear,1989,46,0.0139444,28004.4,379.22
47,BiologicalYear,1989,47,0.0161161,26900.2,420.546
48,BiologicalYear,1989,48,0.0115471,25815.5,289.822
49,BiologicalYear,1989,49,0.015746,24935.2,380.941
50,BiologicalYear,1989,50,0.0225693,24052.1,524.905
51,BiologicalYear,1989,51,0.0196825,23138.9,441.014
52,BiologicalYear,1989,52,0.0165333,22453.7,360.042
53,BiologicalYear,1990,1,0.0176258,22224.1,379.704
54,BiologicalYear,1990,2,0.0210932,22261.5,454.386
55,BiologicalYear,1990,3,0.0186371,22582.9,407.768
56,BiologicalYear,1990,4,0.0174814,23394.2,396.448
57,BiologicalYear,1990,5,0.0221108,24751.9,529.324
58,BiologicalYear,1990,6,0.0256117,26607,657.948
59,BiologicalYear,1990,7,0.0226636,29056.2,636.733
60,BiologicalYear,1990,8,0.0222951,32325.1,696.976
61,BiologicalYear,1990,9,0.0131911,36371.2,466.084
62,BiologicalYear,1990,10,0.0330824,41485.7,1320.24
63,BiologicalYear,1990,11,0.0314074,46493.6,1405.85
64,BiologicalYear,1990,12,0.0280573,52054.7,1408.44
65,BiologicalYear,1990,13,0.0280573,58069.3,1571.17
66,BiologicalYear,1990,14,0.0408338,64143.1,2509.95
67,BiologicalYear,1990,15,0.0640208,69224,4198.74
68,BiologicalYear,1990,16,0.0742806,72288.5,5061.75
69,BiologicalYear,1990,17,0.0705871,73962.7,4930.38
70,BiologicalYear,1990,18,0.0805939,75098.7,5687.84
71,BiologicalYear,1990,19,0.0755059,74677.1,5312.06
72,BiologicalYear,1990,20,0.0706214,73811.1,4922.58
73,BiologicalYear,1990,21,0.0726566,72521,4970.96
74,BiologicalYear,1990,22,0.0636942,70406.1,4249.34
75,BiologicalYear,1990,23,0.0670862,68328.6,4336.35
76,BiologicalYear,1990,24,0.0567217,65552.7,3535.4
77,BiologicalYear,1990,25,0.0465457,63078.1,2805.64
78,BiologicalYear,1990,26,0.0572871,60918.1,3317.27
79,BiologicalYear,1990,27,0.0531078,57890.3,2928.43
80,BiologicalYear,1990,28,0.0410804,54985.9,2164.36
81,BiologicalYear,1990,29,0.0367069,52642.5,1855.51
82,BiologicalYear,1990,30,0.0335829,50441.4,1629.12
83,BiologicalYear,1990,31,0.0177891,48336.7,833.429
84,BiologicalYear,1990,32,0.00827689,46930.6,378.274
85,BiologicalYear,1990,33,0.00852396,45892.8,380.904
86,BiologicalYear,1990,34,0.00580618,44775.6,253.482
87,BiologicalYear,1990,35,0.00522619,43726.8,222.88
88,BiologicalYear,1990,36,0.00532669,42660.8,221.618
89,BiologicalYear,1990,37,0.00653274,41560.1,264.624
90,BiologicalYear,1990,38,0.00613072,40390.9,241.401
91,BiologicalYear,1990,39,0.00683425,39230,261.277
92,BiologicalYear,1990,40,0.00405197,38042.3,150.427
93,BiologicalYear,1990,41,0.00454611,36966.2,163.957
94,BiologicalYear,1990,42,0.00424963,35882.4,148.793
95,BiologicalYear,1990,43,0.00543557,34827,184.61
96,BiologicalYear,1990,44,0.00858385,33756.5,282.135
97,BiologicalYear,1990,45,0.00974383,32619.1,309.292
98,BiologicalYear,1990,46,0.00939583,31497,288.035
99,BiologicalYear,1990,47,0.0103238,30450.1,305.824
100,BiologicalYear,1990,48,0.0174449,29453,498.092
101,BiologicalYear,1990,49,0.0183771,28350.9,504.84
102,BiologicalYear,1990,50,0.0165127,27356,438.11
103,BiologicalYear,1990,51,0.0174449,26570.5,449.345
104,BiologicalYear,1990,52,0.0187766,25952.4,472.083
105,BiologicalYear,1991,1,0.0202827,25462.9,499.96
106,BiologicalYear,1991,2,0.0146035,25206.8,357.353
107,BiologicalYear,1991,3,0.0206884,25419.9,508.995
108,BiologicalYear,1991,4,0.0152796,25881.4,383.775
109,BiologicalYear,1991,5,0.0215565,26956.3,562.168
110,BiologicalYear,1991,6,0.019832,28425.5,545.849
111,BiologicalYear,1991,7,0.0215565,30570.5,637.541
112,BiologicalYear,1991,8,0.0201769,33348.1,651.403
113,BiologicalYear,1991,9,0.0146976,36875,526.114
114,BiologicalYear,1991,10,0.0293952,41287.2,1169.6
115,BiologicalYear,1991,11,0.0458566,45741.6,2005.08
116,BiologicalYear,1991,12,0.0478162,49926.7,2279.87
117,BiologicalYear,1991,13,0.037234,54249,1939.08
118,BiologicalYear,1991,14,0.047244,59132.2,2668.67
119,BiologicalYear,1991,15,0.0457076,63249.9,2763.76
120,BiologicalYear,1991,16,0.0603033,67025.2,3836.31
121,BiologicalYear,1991,17,0.0702899,69254.2,4597.74
122,BiologicalYear,1991,18,0.0588586,70098.6,3918.88
123,BiologicalYear,1991,19,0.0777163,70933.3,5187.85
124,BiologicalYear,1991,20,0.0811449,69718.2,5315.01
125,BiologicalYear,1991,21,0.0834307,67627.8,5294.94
126,BiologicalYear,1991,22,0.0627882,64858.9,3860.58
127,BiologicalYear,1991,23,0.0633173,62925.9,3776.1
128,BiologicalYear,1991,24,0.0573207,60529.6,3297.99
129,BiologicalYear,1991,25,0.0705485,58156,3874.66
130,BiologicalYear,1991,26,0.0515004,54814.7,2691.05
131,BiologicalYear,1991,27,0.0361095,52373,1816.5
132,BiologicalYear,1991,28,0.0314313,50571.1,1530.29
133,BiologicalYear,1991,29,0.0236831,48857.7,1118.26
134,BiologicalYear,1991,30,0.0346476,47400.3,1578.6
135,BiologicalYear,1991,31,0.0231242,45350.6,1013.77
136,BiologicalYear,1991,32,0.0142214,43778.2,604.511
137,BiologicalYear,1991,33,0.0159557,42541,658.499
138,BiologicalYear,1991,34,0.0153776,41185.9,614.6
139,BiologicalYear,1991,35,0.0118522,39828.3,458.884
140,BiologicalYear,1991,36,0.00761924,38593.1,286.448
141,BiologicalYear,1991,37,0.00752518,37504.5,274.944
142,BiologicalYear,1991,38,0.00677266,36407.5,240.301
143,BiologicalYear,1991,39,0.00649047,35333.3,223.525
144,BiologicalYear,1991,40,0.00804724,34270.8,268.598
145,BiologicalYear,1991,41,0.00739976,33165.1,239.094
146,BiologicalYear,1991,42,0.00758475,32098.2,237.167
147,BiologicalYear,1991,43,0.00767725,31048.5,232.198
148,BiologicalYear,1991,44,0.00933671,30025.9,272.863
149,BiologicalYear,1991,45,0.0131365,28992.2,369.998
150,BiologicalYear,1991,46,0.0104224,27901.2,282.885
151,BiologicalYear,1991,47,0.0140051,26948.7,366.499
152,BiologicalYear,1991,48,0.0224344,25975.1,563.523
153,BiologicalYear,1991,49,0.029414,24886.5,705.44
154,BiologicalYear,1991,50,0.0208142,23763.9,478.701
155,BiologicalYear,1991,51,0.0205649,23003.3,457.886
156,BiologicalYear,1991,52,0.025675,22427.2,555.941
157,BiologicalYear,1992,1,0.0255278,22103.3,544.81
158,BiologicalYear,1992,2,0.0246953,22101.1,527.209
159,BiologicalYear,1992,3,0.025389,22504,551.709
160,BiologicalYear,1992,4,0.0263602,23359.7,594.31
161,BiologicalYear,1992,5,0.0336188,24751,800.231
162,BiologicalYear,1992,6,0.0231793,26618.2,596.427
163,BiologicalYear,1992,7,0.0265412,29476.1,755.002
164,BiologicalYear,1992,8,0.0247718,33034.5,790.427
165,BiologicalYear,1992,9,0.0176941,37463.4,642.529
166,BiologicalYear,1992,10,0.028954,42943.9,1198.53
167,BiologicalYear,1992,11,0.0363936,48685.2,1701.64
168,BiologicalYear,1992,12,0.0474524,54602.4,2474.85
169,BiologicalYear,1992,13,0.0631358,60215.7,3603.42
170,BiologicalYear,1992,14,0.0638436,64908.9,3926.45
171,BiologicalYear,1992,15,0.0731048,69235.7,4774
172,BiologicalYear,1992,16,0.0719225,72389.7,4913.6
173,BiologicalYear,1992,17,0.0673904,74860.7,4771.72
174,BiologicalYear,1992,18,0.0531595,76754.5,3886.37
175,BiologicalYear,1992,19,0.0771986,78713.6,5719.97
176,BiologicalYear,1992,20,0.0447556,77891.8,3334.23
177,BiologicalYear,1992,21,0.0465146,78613.6,3494.35
178,BiologicalYear,1992,22,0.0646036,78317.8,4792.19
179,BiologicalYear,1992,23,0.0535649,75919.3,3872.62
180,BiologicalYear,1992,24,0.0492218,73783,3465.88
181,BiologicalYear,1992,25,0.043612,71485.3,2983.48
182,BiologicalYear,1992,26,0.0450597,69199.7,2981.83
183,BiologicalYear,1992,27,0.0322495,66525,2064.63
184,BiologicalYear,1992,28,0.0305995,64467.5,1899.95
185,BiologicalYear,1992,29,0.0245996,62322.1,1480.97
186,BiologicalYear,1992,30,0.0218997,60398.4,1279.43
187,BiologicalYear,1992,31,0.0141171,58516.2,802.135
188,BiologicalYear,1992,32,0.013168,56986.3,728.99
189,BiologicalYear,1992,33,0.00877869,55423.6,473.695
190,BiologicalYear,1992,34,0.00296577,54033.8,156.469
191,BiologicalYear,1992,35,0.00415007,52893.4,214.204
192,BiologicalYear,1992,36,0.00424659,51636.8,213.968
193,BiologicalYear,1992,37,0.00627337,50337.3,307.825
194,BiologicalYear,1992,38,0.00743153,48913.5,354.137
195,BiologicalYear,1992,39,0.00791409,47426.3,365.579
196,BiologicalYear,1992,40,0.00835162,45921.6,373.469
197,BiologicalYear,1992,41,0.00882614,44412.5,381.628
198,BiologicalYear,1992,42,0.00844652,42907.6,352.905
199,BiologicalYear,1992,43,0.0101548,41452.3,409.543
200,BiologicalYear,1992,44,0.0112506,39969.8,437.272
201,BiologicalYear,1992,45,0.011919,38499.6,446.061
202,BiologicalYear,1992,46,0.0178228,37072,640.399
203,BiologicalYear,1992,47,0.0109165,35515.6,377.064
204,BiologicalYear,1992,48,0.0173917,34305.3,578.397
205,BiologicalYear,1992,49,0.0176475,32991.5,564.354
206,BiologicalYear,1992,50,0.022379,31818.4,688.605
207,BiologicalYear,1992,51,0.0177753,30679.9,528.581
208,BiologicalYear,1992,52,0.0424562,29902.3,1215.61
209,BiologicalYear,1993,1,0.0185349,28640.2,514.33
210,BiologicalYear,1993,2,0.01908,28390.4,524.698
211,BiologicalYear,1993,3,0.0205792,28499,567.669
212,BiologicalYear,1993,4,0.0174446,29019.5,490.752
213,BiologicalYear,1993,5,0.0239863,30167.9,699.22
214,BiologicalYear,1993,6,0.0236387,31755,725.465
215,BiologicalYear,1993,7,0.0248554,34060.4,817.693
216,BiologicalYear,1993,8,0.0185981,37092,668.362
217,BiologicalYear,1993,9,0.0211342,41136.7,841.266
218,BiologicalYear,1993,10,0.0383181,45859.4,1686.03
219,BiologicalYear,1993,11,0.0363429,50508.7,1762.96
220,BiologicalYear,1993,12,0.0485889,55740.8,2585.51
221,BiologicalYear,1993,13,0.056292,60602.5,3244.35
222,BiologicalYear,1993,14,0.0710385,65026.5,4361.44
223,BiologicalYear,1993,15,0.0801361,68284.6,5143.53
224,BiologicalYear,1993,16,0.0857495,70466.8,5664.14
225,BiologicalYear,1993,17,0.0849753,71618.9,5706.93
226,BiologicalYear,1993,18,0.0831297,72059,5622.36
227,BiologicalYear,1993,19,0.078714,71806.1,5316.5
228,BiologicalYear,1993,20,0.0360933,71036.1,2462.72
229,BiologicalYear,1993,21,0.0827457,72359,5620.74
230,BiologicalYear,1993,22,0.0696836,69664.4,4586.44
231,BiologicalYear,1993,23,0.050485,67316.3,3241.26
232,BiologicalYear,1993,24,0.0485296,65720.3,3044.78
233,BiologicalYear,1993,25,0.0453299,63793.8,2765
234,BiologicalYear,1993,26,0.0435522,61710.7,2572.08
235,BiologicalYear,1993,27,0.0294694,59463.7,1688.7
236,BiologicalYear,1993,28,0.0272592,57822.7,1520.6
237,BiologicalYear,1993,29,0.0219547,56114.5,1191.64
238,BiologicalYear,1993,30,0.02166,54549.4,1143.02
239,BiologicalYear,1993,31,0.0188786,52881.4,967.108
240,BiologicalYear,1993,32,0.0175967,51271.8,874.557
241,BiologicalYear,1993,33,0.0142172,49661.7,685.551
242,BiologicalYear,1993,34,0.0145668,48169,681.178
243,BiologicalYear,1993,35,0.00540403,46623.8,245.712
244,BiologicalYear,1993,36,0.0074898,45473.1,331.8
245,BiologicalYear,1993,37,0.00597288,44198.6,257.377
246,BiologicalYear,1993,38,0.00445596,42973.9,186.832
247,BiologicalYear,1993,39,0.0087223,41803.2,354.999
248,BiologicalYear,1993,40,0.00531397,40455.8,209.662
249,BiologicalYear,1993,41,0.00867016,39256.5,331.388
250,BiologicalYear,1993,42,0.00811079,37943.5,299.722
251,BiologicalYear,1993,43,0.012306,36680.5,438.701
252,BiologicalYear,1993,44,0.0091916,35305,315.873
253,BiologicalYear,1993,45,0.012912,34089.7,427.663
254,BiologicalYear,1993,46,0.0153193,32807.7,487.735
255,BiologicalYear,1993,47,0.0168513,31525.5,515.148
256,BiologicalYear,1993,48,0.0194711,30291.3,571.194
257,BiologicalYear,1993,49,0.0206017,29095.5,580.178
258,BiologicalYear,1993,50,0.0192199,28009.5,521.417
259,BiologicalYear,1993,51,0.0290182,27130.2,758.84
260,BiologicalYear,1993,52,0.0238678,26200.1,604.292
261,BiologicalYear,1994,1,0.0243919,25686.7,605.301
262,BiologicalYear,1994,2,0.0226778,25475.8,558.62
263,BiologicalYear,1994,3,0.026897,25690.1,666.731
264,BiologicalYear,1994,4,0.0189861,26261.6,482.989
265,BiologicalYear,1994,5,0.0285862,27582.3,760.162
266,BiologicalYear,1994,6,0.0203466,29287.1,576.84
267,BiologicalYear,1994,7,0.0267365,31939.3,824.035
268,BiologicalYear,1994,8,0.0203466,35177.9,692.867
269,BiologicalYear,1994,9,0.0252231,39431.5,960.466
270,BiologicalYear,1994,10,0.0357327,44286.4,1520.28
271,BiologicalYear,1994,11,0.0468156,49376.3,2208.63
272,BiologicalYear,1994,12,0.0525481,54435.8,2725.41
273,BiologicalYear,1994,13,0.0544589,59445.8,3081.57
274,BiologicalYear,1994,14,0.0651673,64330.6,3969.57
275,BiologicalYear,1994,15,0.0676017,68279.3,4365.4
276,BiologicalYear,1994,16,0.0664781,71535.8,4500.08
277,BiologicalYear,1994,17,0.0737813,74138.7,5157.67
278,BiologicalYear,1994,18,0.0599919,75371.6,4292.41
279,BiologicalYear,1994,19,0.084323,76678.6,6065.14
280,BiologicalYear,1994,20,0.0640781,75302,4571.36
281,BiologicalYear,1994,21,0.0518197,74590.8,3684.05
282,BiologicalYear,1994,22,0.0521086,73971.1,3673.29
283,BiologicalYear,1994,23,0.0524525,72619.9,3629.38
284,BiologicalYear,1994,24,0.0404143,70662.6,2737.21
285,BiologicalYear,1994,25,0.0402423,69059.9,2663.97
286,BiologicalYear,1994,26,0.0270002,67066.8,1747.16
287,BiologicalYear,1994,27,0.0200994,65623.4,1276.97
288,BiologicalYear,1994,28,0.0236631,64340.8,1471.41
289,BiologicalYear,1994,29,0.0230929,62603.6,1397.57
290,BiologicalYear,1994,30,0.0186739,60737.9,1098.86
291,BiologicalYear,1994,31,0.0179256,59013.1,1025.25
292,BiologicalYear,1994,32,0.0149944,57233.9,832.949
293,BiologicalYear,1994,33,0.0146561,55547.7,790.308
294,BiologicalYear,1994,34,0.00958286,53825.3,501.976
295,BiologicalYear,1994,35,0.00421913,52332,215.45
296,BiologicalYear,1994,36,0.00697074,51076.3,346.946
297,BiologicalYear,1994,37,0.00476946,49647.7,230.997
298,BiologicalYear,1994,38,0.00458601,48308.7,216.141
299,BiologicalYear,1994,39,0.00467773,46966.2,214.328
300,BiologicalYear,1994,40,0.00586246,45616.5,260.737
301,BiologicalYear,1994,41,0.00423901,44220.2,182.91
302,BiologicalYear,1994,42,0.00676437,42910.8,282.88
303,BiologicalYear,1994,43,0.0119955,41517.5,484.095
304,BiologicalYear,1994,44,0.0112212,39951.1,435.931
305,BiologicalYear,1994,45,0.0110095,38474.4,411.94
306,BiologicalYear,1994,46,0.0154556,37072.2,555.999
307,BiologicalYear,1994,47,0.0130208,35589.2,450.214
308,BiologicalYear,1994,48,0.0212676,34292.2,705.675
309,BiologicalYear,1994,49,0.0257642,32838.5,816.818
310,BiologicalYear,1994,50,0.0245489,31402.8,744.708
311,BiologicalYear,1994,51,0.0212676,30200.5,621.474
312,BiologicalYear,1994,52,0.0193232,29319.2,548.703
313,BiologicalYear,1995,1,0.0203097,28850.5,567.22
314,BiologicalYear,1995,2,0.0284018,28700.3,785.942
315,BiologicalYear,1995,3,0.0263391,28753.2,730.95
316,BiologicalYear,1995,4,0.0282431,29384.9,800.257
317,BiologicalYear,1995,5,0.0295447,30577.9,870.564
318,BiologicalYear,1995,6,0.0323777,32444.5,1010.87
319,BiologicalYear,1995,7,0.0299494,35020.4,1010.5
320,BiologicalYear,1995,8,0.0248904,38533.9,926.374
321,BiologicalYear,1995,9,0.0285145,43117,1185.35
322,BiologicalYear,1995,10,0.0395524,48411.8,1836.08
323,BiologicalYear,1995,11,0.0459911,53942.1,2371.34
324,BiologicalYear,1995,12,0.0643875,59677.2,3639.77
325,BiologicalYear,1995,13,0.062318,64647.2,3820.03
326,BiologicalYear,1995,14,0.0567898,69699.7,3763.45
327,BiologicalYear,1995,15,0.0624237,74786.3,4426.43
328,BiologicalYear,1995,16,0.0705366,78877.9,5254.39
329,BiologicalYear,1995,17,0.0867622,81545.8,6628.8
330,BiologicalYear,1995,18,0.0903008,82027.2,6927.88
331,BiologicalYear,1995,19,0.0764427,81295.8,5851.94
332,BiologicalYear,1995,20,0.080466,80706.3,6103.24
333,BiologicalYear,1995,21,0.0916419,78905.6,6758.78
334,BiologicalYear,1995,22,0.0771961,75536.1,5488.9
335,BiologicalYear,1995,23,0.0711942,72657.1,4883.55
336,BiologicalYear,1995,24,0.0529818,69694,3517.38
337,BiologicalYear,1995,25,0.0687107,67528.8,4385.86
338,BiologicalYear,1995,26,0.0589836,63985.6,3584.51
339,BiologicalYear,1995,27,0.0581544,60864.1,3363.08
340,BiologicalYear,1995,28,0.0349956,57654.6,1939.06
341,BiologicalYear,1995,29,0.0432298,55642.4,2302.35
342,BiologicalYear,1995,30,0.0301922,53061.9,1543.31
343,BiologicalYear,1995,31,0.0246926,51097.5,1218.77
344,BiologicalYear,1995,32,0.0207581,49337.7,991.21
345,BiologicalYear,1995,33,0.0162809,47709.8,753.435
346,BiologicalYear,1995,34,0.0142457,46244.3,639.649
347,BiologicalYear,1995,35,0.0126935,44832.2,552.975
348,BiologicalYear,1995,36,0.0105964,43460.6,447.956
349,BiologicalYear,1995,37,0.0061812,42160,254.043
350,BiologicalYear,1995,38,0.00662272,41028.5,264.826
351,BiologicalYear,1995,39,0.00585007,39867.4,227.397
352,BiologicalYear,1995,40,0.00922582,38734.3,347.84
353,BiologicalYear,1995,41,0.00629526,37479.6,229.995
354,BiologicalYear,1995,42,0.00792335,36352,280.541
355,BiologicalYear,1995,43,0.0134588,35188.9,460.025
356,BiologicalYear,1995,44,0.0211476,33872.3,693.14
357,BiologicalYear,1995,45,0.0191093,32363.5,599.036
358,BiologicalYear,1995,46,0.0236955,31005.2,710.019
359,BiologicalYear,1995,47,0.0252243,29604.1,721.124
360,BiologicalYear,1995,48,0.0234003,28278.3,639.597
361,BiologicalYear,1995,49,0.022084,27140.4,579.707
362,BiologicalYear,1995,50,0.0267641,26192.3,676.451
363,BiologicalYear,1995,51,0.0279341,25310.5,681.857
364,BiologicalYear,1995,52,0.0264716,24631.7,629.284
365,BiologicalYear,1996,1,0.0320102,24507.9,755.056
366,BiologicalYear,1996,2,0.0310047,24670.2,736.546
367,BiologicalYear,1996,3,0.0293287,25369.5,717.076
368,BiologicalYear,1996,4,0.0293287,26728.2,755.48
369,BiologicalYear,1996,5,0.0386872,28823.3,1069.71
370,BiologicalYear,1996,6,0.0386872,31517.1,1169.68
371,BiologicalYear,1996,7,0.0448857,35162.1,1509.42
372,BiologicalYear,1996,8,0.0389009,39620.7,1478.4
373,BiologicalYear,1996,9,0.030361,45331.8,1325.74
374,BiologicalYear,1996,10,0.0590218,52412.2,2938
375,BiologicalYear,1996,11,0.0684944,58954.4,3817.33
376,BiologicalYear,1996,12,0.0723806,65520.2,4474.64
377,BiologicalYear,1996,13,0.0777242,72066.9,5271.27
378,BiologicalYear,1996,14,0.0928318,78116.6,6774.14
379,BiologicalYear,1996,15,0.101639,82573.5,7806.34
380,BiologicalYear,1996,16,0.100449,85557.8,7998.4
381,BiologicalYear,1996,17,0.104019,87617.6,8467.35
382,BiologicalYear,1996,18,0.114266,88224.9,9319.31
383,BiologicalYear,1996,19,0.0941988,86826.8,7635.25
384,BiologicalYear,1996,20,0.113558,85959.8,9026.87
385,BiologicalYear,1996,21,0.102462,82479.5,7857.43
386,BiologicalYear,1996,22,0.0885327,79081.8,6554
387,BiologicalYear,1996,23,0.0966209,76017.1,6848.46
388,BiologicalYear,1996,24,0.0806631,71782.7,5441.18
389,BiologicalYear,1996,25,0.0710447,68255.3,4578.4
390,BiologicalYear,1996,26,0.0607706,65006.3,3748.72
391,BiologicalYear,1996,27,0.0284475,62114.7,1703.68
392,BiologicalYear,1996,28,0.0404064,60908.3,2358.92
393,BiologicalYear,1996,29,0.0322526,58712,1822.32
394,BiologicalYear,1996,30,0.0360577,56807.6,1967.53
395,BiologicalYear,1996,31,0.0174831,54555.9,924.617
396,BiologicalYear,1996,32,0.0163366,53203.1,843.041
397,BiologicalYear,1996,33,0.00859824,51800.5,433.668
398,BiologicalYear,1996,34,0.014617,50705.2,719.497
399,BiologicalYear,1996,35,0.00699518,49235,335.607
400,BiologicalYear,1996,36,0.00839421,48087.1,393.066
401,BiologicalYear,1996,37,0.00699518,46828,319.2
402,BiologicalYear,1996,38,0.00489662,45604.7,217.829
403,BiologicalYear,1996,39,0.00804445,44455.6,348.301
404,BiologicalYear,1996,40,0.00412715,43158,173.815
405,BiologicalYear,1996,41,0.00917145,42029.9,375.22
406,BiologicalYear,1996,42,0.0114643,40702.3,453.695
407,BiologicalYear,1996,43,0.00905681,39313.3,346.601
408,BiologicalYear,1996,44,0.0137251,38060.4,507.341
409,BiologicalYear,1996,45,0.0157435,36685.9,560.374
410,BiologicalYear,1996,46,0.0191075,35315.1,653.61
411,BiologicalYear,1996,47,0.0166854,33925.7,548.96
412,BiologicalYear,1996,48,0.0217812,32737.1,689.765
413,BiologicalYear,1996,49,0.026879,31527.7,817.693
414,BiologicalYear,1996,50,0.0217812,30347.5,639.418
415,BiologicalYear,1996,51,0.0251797,29546.5,718.467
416,BiologicalYear,1996,52,0.0177648,28918.5,497.942
417,BiologicalYear,1997,1,0.0235065,28066.2,637.646
418,BiologicalYear,1997,2,0.0250507,27220.9,658.567
419,BiologicalYear,1997,3,0.0226486,26544,581.3
420,BiologicalYear,1997,4,0.0193885,26178.8,491.574
421,BiologicalYear,1997,5,0.0242898,26185.3,614.499
422,BiologicalYear,1997,6,0.0282286,26399.6,718.593
423,BiologicalYear,1997,7,0.0301981,26890.9,782.272
424,BiologicalYear,1997,8,0.0293228,27739.4,783.905
425,BiologicalYear,1997,9,0.0241207,29029.5,676.559
426,BiologicalYear,1997,10,0.0273533,30867.8,814.517
427,BiologicalYear,1997,11,0.035808,32971.9,1134.22
428,BiologicalYear,1997,12,0.0373,35093,1256.55
429,BiologicalYear,1997,13,0.040284,37338.1,1441.77
430,BiologicalYear,1997,14,0.0465454,39525.4,1758.03
431,BiologicalYear,1997,15,0.0553184,41391.7,2178.62
432,BiologicalYear,1997,16,0.0714022,42702.8,2878.3
433,BiologicalYear,1997,17,0.0718896,43061,2921.56
434,BiologicalYear,1997,18,0.0804875,43050.4,3256.43
435,BiologicalYear,1997,19,0.0874969,42316.3,3467.74
436,BiologicalYear,1997,20,0.0978901,40960.2,3736.3
437,BiologicalYear,1997,21,0.106591,38927.8,3850.18
438,BiologicalYear,1997,22,0.0837012,36404.3,2859.15
439,BiologicalYear,1997,23,0.0875058,34556,2832.07
440,BiologicalYear,1997,24,0.0769872,32443.8,2351.42
441,BiologicalYear,1997,25,0.0819108,30577.5,2352.21
442,BiologicalYear,1997,26,0.0628878,28511.7,1699.7
443,BiologicalYear,1997,27,0.0404402,26950.7,1044.63
444,BiologicalYear,1997,28,0.0486024,25925.6,1202.87
445,BiologicalYear,1997,29,0.0294954,24636.5,700.255
446,BiologicalYear,1997,30,0.0389561,23776.5,888.423
447,BiologicalYear,1997,31,0.0228873,22662.1,501.459
448,BiologicalYear,1997,32,0.0186326,21891.1,395.182
449,BiologicalYear,1997,33,0.0149648,21187.4,307.746
450,BiologicalYear,1997,34,0.0127641,20540.4,254.75
451,BiologicalYear,1997,35,0.0131296,19922,254.11
452,BiologicalYear,1997,36,0.0103843,19285.7,194.824
453,BiologicalYear,1997,37,0.010265,18696.2,186.709
454,BiologicalYear,1997,38,0.0101456,18105.9,178.722
455,BiologicalYear,1997,39,0.010623,17519,181.024
456,BiologicalYear,1997,40,0.0105634,16929,173.949
457,BiologicalYear,1997,41,0.00985914,16348.9,156.845
458,BiologicalYear,1997,42,0.00892017,15792.1,137.138
459,BiologicalYear,1997,43,0.0076291,15264.1,113.44
460,BiologicalYear,1997,44,0.0180467,14771.9,258.355
461,BiologicalYear,1997,45,0.0199754,14151.5,273.693
462,BiologicalYear,1997,46,0.0185978,13540.3,243.98
463,BiologicalYear,1997,47,0.0199754,12989.2,251.214
464,BiologicalYear,1997,48,0.0314723,12467.4,377.748
465,BiologicalYear,1997,49,0.034319,11865.5,391.482
466,BiologicalYear,1997,50,0.0387472,11310.7,420.41
467,BiologicalYear,1997,51,0.034319,10802.9,356.421
468,BiologicalYear,1997,52,0.0642097,10453.8,635.879
469,BiologicalYear,1998,1,0.0331047,10612.2,337.944
470,BiologicalYear,1998,2,0.0311184,11446.2,342.967
471,BiologicalYear,1998,3,0.0327736,12739.8,401.705
472,BiologicalYear,1998,4,0.0278079,14549.3,390.209
473,BiologicalYear,1998,5,0.0384206,17070.4,629.243
474,BiologicalYear,1998,6,0.0382095,20176.1,739.715
475,BiologicalYear,1998,7,0.0512979,24119.9,1179.59
476,BiologicalYear,1998,8,0.0335653,28661,925.193
477,BiologicalYear,1998,9,0.0477379,34569,1576.04
478,BiologicalYear,1998,10,0.0594925,40904.7,2310.69
479,BiologicalYear,1998,11,0.0736459,47491.7,3298.05
480,BiologicalYear,1998,12,0.0796431,53895.9,4035.7
481,BiologicalYear,1998,13,0.0959556,60125,5381.17
482,BiologicalYear,1998,14,0.108612,65244.5,6568.9
483,BiologicalYear,1998,15,0.100149,69078.3,6439.47
484,BiologicalYear,1998,16,0.114254,72658,7674.21
485,BiologicalYear,1998,17,0.123423,74292.9,8438.86
486,BiologicalYear,1998,18,0.124048,74239.7,8472.92
487,BiologicalYear,1998,19,0.117519,73108.1,7929.76
488,BiologicalYear,1998,20,0.120084,71434.1,7907.42
489,BiologicalYear,1998,21,0.110057,68695.8,7003.47
490,BiologicalYear,1998,22,0.102984,65865.2,6305.05
491,BiologicalYear,1998,23,0.0854964,62835.6,5036.46
492,BiologicalYear,1998,24,0.0699516,60311.6,3985.44
493,BiologicalYear,1998,25,0.0839851,58191.7,4585.18
494,BiologicalYear,1998,26,0.0729742,54905.9,3779.4
495,BiologicalYear,1998,27,0.0425918,51996.9,2120.42
496,BiologicalYear,1998,28,0.0338229,50420.3,1639.88
497,BiologicalYear,1998,29,0.0316754,49041.5,1495.35
498,BiologicalYear,1998,30,0.0307806,47576.1,1410.31
499,BiologicalYear,1998,31,0.0263254,46012.4,1169.11
500,BiologicalYear,1998,32,0.0229286,44547.7,987.497
501,BiologicalYear,1998,33,0.020381,43151.6,851.337
502,BiologicalYear,1998,34,0.012455,41802,505.971
503,BiologicalYear,1998,35,0.0107086,40728.6,424.222
504,BiologicalYear,1998,36,0.00598763,39677.8,231.621
505,BiologicalYear,1998,37,0.00483616,38773.9,182.921
506,BiologicalYear,1998,38,0.00587248,37880.9,216.891
507,BiologicalYear,1998,39,0.00667851,36926.1,240.347
508,BiologicalYear,1998,40,0.0106434,35930.8,371.98
509,BiologicalYear,1998,41,0.0129079,34797.1,436.401
510,BiologicalYear,1998,42,0.0121154,33604.5,395.722
511,BiologicalYear,1998,43,0.00826562,32468.7,261.352
512,BiologicalYear,1998,44,0.0240546,31491.4,731.95
513,BiologicalYear,1998,45,0.0140872,30077.6,411.435
514,BiologicalYear,1998,46,0.0219283,29039.4,615.941
515,BiologicalYear,1998,47,0.0318956,27860.6,855.324
516,BiologicalYear,1998,48,0.0430246,26530.7,1092.67
517,BiologicalYear,1998,49,0.0381424,25081.9,917.994
518,BiologicalYear,1998,50,0.0419566,23960.2,962.822
519,BiologicalYear,1998,51,0.0361589,22980.9,798.138
520,BiologicalYear,1998,52,0.0331076,22402.9,713.479
521,BiologicalYear,1999,1,0.0331302,22526.5,717.895
522,BiologicalYear,1999,2,0.040698,23126.4,901.995
523,BiologicalYear,1999,3,0.0331302,24145.9,769.506
524,BiologicalYear,1999,4,0.0375027,26051.1,937.77
525,BiologicalYear,1999,5,0.0611274,28697.4,1664.32
526,BiologicalYear,1999,6,0.0667039,31686.2,1999.82
527,BiologicalYear,1999,7,0.0729239,35575.2,2447.16
528,BiologicalYear,1999,8,0.0555509,40376.1,2133.85
529,BiologicalYear,1999,9,0.0823806,46940.5,3630.83
530,BiologicalYear,1999,10,0.113822,53396.9,5619.66
531,BiologicalYear,1999,11,0.113334,59117.6,6196.54
532,BiologicalYear,1999,12,0.112359,65331,6792.14
533,BiologicalYear,1999,13,0.117965,71703.2,7805.22
534,BiologicalYear,1999,14,0.100319,77410.3,7227.85
535,BiologicalYear,1999,15,0.106529,83663.8,8270.24
536,BiologicalYear,1999,16,0.134475,88372.7,10878.6
537,BiologicalYear,1999,17,0.133998,89535.2,10985
538,BiologicalYear,1999,18,0.131009,89428.4,10742.8
539,BiologicalYear,1999,19,0.115847,88231.6,9441.66
540,BiologicalYear,1999,20,0.116794,86958.6,9377.23
541,BiologicalYear,1999,21,0.101869,84352.9,7991.74
542,BiologicalYear,1999,22,0.0741426,81853.3,5721.23
543,BiologicalYear,1999,23,0.0701941,80497.8,5337.16
544,BiologicalYear,1999,24,0.0715103,78501.7,5298.99
545,BiologicalYear,1999,25,0.0642715,75664.8,4606.81
546,BiologicalYear,1999,26,0.0515488,72805.5,3577.55
547,BiologicalYear,1999,27,0.0365463,70401.6,2470.8
548,BiologicalYear,1999,28,0.0463647,68642.8,3041.54
549,BiologicalYear,1999,29,0.0260006,65915.6,1654.42
550,BiologicalYear,1999,30,0.0480011,64291.8,2946.92
551,BiologicalYear,1999,31,0.0268907,61112.3,1585.67
552,BiologicalYear,1999,32,0.0255965,59130,1461.33
553,BiologicalYear,1999,33,0.0158181,57122.1,876.633
554,BiologicalYear,1999,34,0.0150991,55585.5,814.566
555,BiologicalYear,1999,35,0.00467961,54012.9,246.584
556,BiologicalYear,1999,36,0.011816,52934.1,608.033
557,BiologicalYear,1999,37,0.00666844,51425.1,334.217
558,BiologicalYear,1999,38,0.011699,50146.6,570.345
559,BiologicalYear,1999,39,0.00573252,48597.3,271.637
560,BiologicalYear,1999,40,0.0151853,47330.5,697.529
561,BiologicalYear,1999,41,0.0138048,45628.2,611.728
562,BiologicalYear,1999,42,0.0162207,44023.7,692.676
563,BiologicalYear,1999,43,0.0129996,42360.7,535.006
564,BiologicalYear,1999,44,0.0141778,40891.5,562.929
565,BiologicalYear,1999,45,0.0279504,39440.9,1063.14
566,BiologicalYear,1999,46,0.0303809,37556.2,1099.05
567,BiologicalYear,1999,47,0.0326763,35732.3,1123.4
568,BiologicalYear,1999,48,0.0334826,34005.4,1095.06
569,BiologicalYear,1999,49,0.039218,32458.7,1220.84
570,BiologicalYear,1999,50,0.0531691,30976.7,1568.74
571,BiologicalYear,1999,51,0.0502239,29392.1,1408.08
572,BiologicalYear,1999,52,0.0423183,28284.2,1146.17
573,BiologicalYear,2000,1,0.0321053,27044.5,835.642
574,BiologicalYear,2000,2,0.0472707,26339.7,1189.38
575,BiologicalYear,2000,3,0.0379133,25556.5,929.85
576,BiologicalYear,2000,4,0.0390427,25381.1,950.448
577,BiologicalYear,2000,5,0.0504108,25599.8,1230.86
578,BiologicalYear,2000,6,0.0532914,26026.4,1321
579,BiologicalYear,2000,7,0.0452669,26925.9,1165.46
580,BiologicalYear,2000,8,0.0508223,28602.4,1386.17
581,BiologicalYear,2000,9,0.0439575,30703.4,1291.35
582,BiologicalYear,2000,10,0.0589217,33545.4,1877.32
583,BiologicalYear,2000,11,0.0614937,36384.2,2122.38
584,BiologicalYear,2000,12,0.0710802,39471.3,2648.91
585,BiologicalYear,2000,13,0.0720155,42377.1,2880.02
586,BiologicalYear,2000,14,0.0829487,45229,3521.6
587,BiologicalYear,2000,15,0.0893646,47413.9,3964.8
588,BiologicalYear,2000,16,0.0843236,48945.4,3871.52
589,BiologicalYear,2000,17,0.10128,50207.7,4730.6
590,BiologicalYear,2000,18,0.101362,50093.6,4723.5
591,BiologicalYear,2000,19,0.119998,49406.7,5465.44
592,BiologicalYear,2000,20,0.122044,47343.1,5321.13
593,BiologicalYear,2000,21,0.107726,44817,4477.34
594,BiologicalYear,2000,22,0.102271,42584,4049.61
595,BiologicalYear,2000,23,0.11616,40277.1,4321.06
596,BiologicalYear,2000,24,0.106059,37251.8,3666.96
597,BiologicalYear,2000,25,0.0869096,34526.8,2811.22
598,BiologicalYear,2000,26,0.0551339,32374.5,1698.48
599,BiologicalYear,2000,27,0.0566888,31111.9,1676.98
600,BiologicalYear,2000,28,0.0673288,29673.7,1889.77
601,BiologicalYear,2000,29,0.0573865,27866.2,1520
602,BiologicalYear,2000,30,0.0549445,26318.2,1376.13
603,BiologicalYear,2000,31,0.0288319,24826.8,690.019
604,BiologicalYear,2000,32,0.0320048,23960.7,738.073
605,BiologicalYear,2000,33,0.00951867,22987.8,212.956
606,BiologicalYear,2000,34,0.0245554,22500,533.721
607,BiologicalYear,2000,35,0.0115599,21649.6,243.321
608,BiologicalYear,2000,36,0.00841739,21065.5,172.664
609,BiologicalYear,2000,37,0.0113354,20529.4,226.276
610,BiologicalYear,2000,38,0.0105498,19922.2,204.444
611,BiologicalYear,2000,39,0.00819293,19326.5,154.203
612,BiologicalYear,2000,40,0.00584915,18775.5,107.075
613,BiologicalYear,2000,41,0.00761493,18269.7,135.526
614,BiologicalYear,2000,42,0.00640096,17737.3,110.667
615,BiologicalYear,2000,43,0.00783566,17237.1,131.558
616,BiologicalYear,2000,44,0.0117876,16727.7,191.686
617,BiologicalYear,2000,45,0.0163213,16176.7,256.093
618,BiologicalYear,2000,46,0.0221504,15588.1,333.944
619,BiologicalYear,2000,47,0.0284975,14958.6,410.996
620,BiologicalYear,2000,48,0.0315259,14301.6,434.052
621,BiologicalYear,2000,49,0.0382178,13686,501.876
622,BiologicalYear,2000,50,0.0246854,13084.7,312.005
623,BiologicalYear,2000,51,0.0349462,12777.7,429.151
624,BiologicalYear,2000,52,0.0359872,12482.5,431.502
625,BiologicalYear,2001,1,0.0403423,13071.2,505.446
626,BiologicalYear,2001,2,0.0372639,14039.3,502.218
627,BiologicalYear,2001,3,0.0353197,15581.6,528.817
628,BiologicalYear,2001,4,0.0345096,17804.7,590.641
629,BiologicalYear,2001,5,0.0588897,20825.8,1164.87
630,BiologicalYear,2001,6,0.0464919,24280.1,1078.73
631,BiologicalYear,2001,7,0.0376067,28994.8,1046.58
632,BiologicalYear,2001,8,0.0398797,35038,1339.65
633,BiologicalYear,2001,9,0.0321686,42143.9,1304.72
634,BiologicalYear,2001,10,0.0331078,50641.9,1612.84
635,BiologicalYear,2001,11,0.0385084,60074.3,2219.41
636,BiologicalYear,2001,12,0.0385084,69921.9,2583.22
637,BiologicalYear,2001,13,0.0497792,80126.9,3805.46
638,BiologicalYear,2001,14,0.0515449,89420.8,4393.68
639,BiologicalYear,2001,15,0.0639709,98035.2,5941.78
640,BiologicalYear,2001,16,0.0754765,104567,7435.44
641,BiologicalYear,2001,17,0.0851412,108703,8678.17
642,BiologicalYear,2001,18,0.0906084,110419,9356.2
643,BiologicalYear,2001,19,0.0807944,110117,8360.01
644,BiologicalYear,2001,20,0.0828485,109442,8511.46
645,BiologicalYear,2001,21,0.0956295,107233,9566.21
646,BiologicalYear,2001,22,0.0760776,102646,7354.82
647,BiologicalYear,2001,23,0.0722737,99156.7,6762.16
648,BiologicalYear,2001,24,0.0663566,95261.5,5981.98
649,BiologicalYear,2001,25,0.0714284,91307.7,6156.61
650,BiologicalYear,2001,26,0.0629753,86472.5,5161.94
651,BiologicalYear,2001,27,0.0469446,82085.5,3681.62
652,BiologicalYear,2001,28,0.0432661,78751.5,3261.23
653,BiologicalYear,2001,29,0.0446674,75481.8,3224.84
654,BiologicalYear,2001,30,0.0362594,71966,2506.24
655,BiologicalYear,2001,31,0.02272,68960.3,1514.9
656,BiologicalYear,2001,32,0.0249365,66782.8,1608.43
657,BiologicalYear,2001,33,0.0221658,64368.4,1379.92
658,BiologicalYear,2001,34,0.0217502,62077.8,1306.13
659,BiologicalYear,2001,35,0.0118343,59780.4,687.73
660,BiologicalYear,2001,36,0.00969285,58044.3,547.506
661,BiologicalYear,2001,37,0.00417018,56396.9,229.497
662,BiologicalYear,2001,38,0.00563538,55029.1,302.389
663,BiologicalYear,2001,39,0.00349393,53557,182.66
664,BiologicalYear,2001,40,0.00410068,52187.6,208.835
665,BiologicalYear,2001,41,0.00554145,50784.1,274.424
666,BiologicalYear,2001,42,0.00753638,49319.4,362.095
667,BiologicalYear,2001,43,0.00554145,47784.9,258.217
668,BiologicalYear,2001,44,0.00650416,46385.5,294.061
669,BiologicalYear,2001,45,0.0143092,44992.6,625.087
670,BiologicalYear,2001,46,0.0150897,43329.4,634.57
671,BiologicalYear,2001,47,0.0122278,41743.3,496.099
672,BiologicalYear,2001,48,0.0155311,40404,608.904
673,BiologicalYear,2001,49,0.0255367,39086.9,963.762
674,BiologicalYear,2001,50,0.0315102,37592.4,1140.36
675,BiologicalYear,2001,51,0.0327049,36155.9,1137.7
676,BiologicalYear,2001,52,0.036289,35021.9,1220.63
677,BiologicalYear,2002,1,0.0328184,34216.9,1080.36
678,BiologicalYear,2002,2,0.0336599,34040.4,1101.89
679,BiologicalYear,2002,3,0.0371942,34448.6,1230.04
680,BiologicalYear,2002,4,0.0419066,35476.6,1423.93
681,BiologicalYear,2002,5,0.0476507,37217.4,1693.76
682,BiologicalYear,2002,6,0.0639635,39759.1,2409.48
683,BiologicalYear,2002,7,0.0577389,42805,2348.79
684,BiologicalYear,2002,8,0.0555925,47269.7,2499.99
685,BiologicalYear,2002,9,0.0314647,53004,1605.59
686,BiologicalYear,2002,10,0.0507337,61068.8,2954.56
687,BiologicalYear,2002,11,0.0792715,69054.2,5147.55
688,BiologicalYear,2002,12,0.0921988,75870,6536.48
689,BiologicalYear,2002,13,0.0800032,82021.7,6168.43
690,BiologicalYear,2002,14,0.077686,88930.7,6501.69
691,BiologicalYear,2002,15,0.0910719,95457.4,8127.96
692,BiologicalYear,2002,16,0.0994381,99850.3,9245.18
693,BiologicalYear,2002,17,0.120473,102257,11353.9
694,BiologicalYear,2002,18,0.114748,101368,10750.3
695,BiologicalYear,2002,19,0.110955,99787.9,10251.8
696,BiologicalYear,2002,20,0.111903,97334.5,10080.5
697,BiologicalYear,2002,21,0.0991006,93686.6,8646.46
698,BiologicalYear,2002,22,0.0752957,90222.3,6400.65
699,BiologicalYear,2002,23,0.0869303,87900.7,7158.63
700,BiologicalYear,2002,24,0.0976868,83795.8,7628.56
701,BiologicalYear,2002,25,0.0911012,78363,6674.47
702,BiologicalYear,2002,26,0.067832,73213,4696.26
703,BiologicalYear,2002,27,0.0487649,69523.7,3236.22
704,BiologicalYear,2002,28,0.0573169,66872.8,3643.37
705,BiologicalYear,2002,29,0.0434881,63451.5,2640.82
706,BiologicalYear,2002,30,0.0258381,60772.8,1515.93
707,BiologicalYear,2002,31,0.0168373,59012.7,963.514
708,BiologicalYear,2002,32,0.00446115,57628.1,250.833
709,BiologicalYear,2002,33,0.00978576,56811.1,540.986
710,BiologicalYear,2002,34,0.00302207,55572.3,163.975
711,BiologicalYear,2002,35,0.00362941,54613,193.471
712,BiologicalYear,2002,36,0.00327818,53539.4,171.343
713,BiologicalYear,2002,37,0.00234156,52422.3,119.889
714,BiologicalYear,2002,38,0.00257571,51306.2,129.056
715,BiologicalYear,2002,39,0.00280987,50143.4,137.581
716,BiologicalYear,2002,40,0.00207228,48947.4,99.0823
717,BiologicalYear,2002,41,0.00448994,47777.2,209.295
718,BiologicalYear,2002,42,0.0034538,46495.1,156.756
719,BiologicalYear,2002,43,0.00414456,45277.7,183.119
720,BiologicalYear,2002,44,0.00648611,44057,278.527
721,BiologicalYear,2002,45,0.0141884,42778.7,589.347
722,BiologicalYear,2002,46,0.0131074,41247.1,525.233
723,BiologicalYear,2002,47,0.0197286,39862.5,761.52
724,BiologicalYear,2002,48,0.0291641,38348.1,1077.92
725,BiologicalYear,2002,49,0.0349038,36661,1229.82
726,BiologicalYear,2002,50,0.0336628,35011.8,1133.43
727,BiologicalYear,2002,51,0.0376961,33700.5,1219.27
728,BiologicalYear,2002,52,0.0310256,32606.2,974.129
729,BiologicalYear,2003,1,0.0368548,31953.3,1130.72
730,BiologicalYear,2003,2,0.0479842,31559.7,1446.09
731,BiologicalYear,2003,3,0.0483491,31375.4,1448.32
732,BiologicalYear,2003,4,0.0536401,31842.4,1626.49
733,BiologicalYear,2003,5,0.0584049,32918.9,1826.56
734,BiologicalYear,2003,6,0.0691086,34724.6,2267.92
735,BiologicalYear,2003,7,0.0630587,37148,2220.38
736,BiologicalYear,2003,8,0.0698067,40792.6,2690.22
737,BiologicalYear,2003,9,0.0462734,45187.8,1998.4
738,BiologicalYear,2003,10,0.0782681,51513.1,3793.24
739,BiologicalYear,2003,11,0.0925467,57123.2,4939.1
740,BiologicalYear,2003,12,0.0994216,62491.7,5785.22
741,BiologicalYear,2003,13,0.10709,67653.8,6720.99
742,BiologicalYear,2003,14,0.102875,72182.5,6902.82
743,BiologicalYear,2003,15,0.0982106,76488.6,6998.88
744,BiologicalYear,2003,16,0.129565,80304,9547.09
745,BiologicalYear,2003,17,0.115572,80783.5,8625.32
746,BiologicalYear,2003,18,0.099465,81245.2,7524.46
747,BiologicalYear,2003,19,0.129279,81723.6,9695.72
748,BiologicalYear,2003,20,0.115657,78784.6,8417.71
749,BiologicalYear,2003,21,0.112059,75974.7,7878.73
750,BiologicalYear,2003,22,0.108042,72611.3,7274.23
751,BiologicalYear,2003,23,0.0935251,68873.7,6015.17
752,BiologicalYear,2003,24,0.0863858,65563.9,5307.49
753,BiologicalYear,2003,25,0.0487853,62252.9,2898.97
754,BiologicalYear,2003,26,0.0399802,60801.3,2330.43
755,BiologicalYear,2003,27,0.052273,59434.3,2960.49
756,BiologicalYear,2003,28,0.0341254,57025.3,1871.01
757,BiologicalYear,2003,29,0.043791,55407.4,2321.74
758,BiologicalYear,2003,30,0.0321528,53077.7,1642.43
759,BiologicalYear,2003,31,0.0190329,51241,944.697
760,BiologicalYear,2003,32,0.020593,49951.7,995.642
761,BiologicalYear,2003,33,0.0131046,48480.1,617.208
762,BiologicalYear,2003,34,0.0127926,47288.1,587.79
763,BiologicalYear,2003,35,0.00482301,46041.8,216.619
764,BiologicalYear,2003,36,0.00558453,45102.6,245.613
765,BiologicalYear,2003,37,0.00939217,44078,402.931
766,BiologicalYear,2003,38,0.00329995,42854.1,138.055
767,BiologicalYear,2003,39,0.00583838,41868.9,238.337
768,BiologicalYear,2003,40,0.00399379,40762.4,158.873
769,BiologicalYear,2003,41,0.00611549,39726.7,236.843
770,BiologicalYear,2003,42,0.00524185,38612.7,197.402
771,BiologicalYear,2003,43,0.00748835,37549.5,273.932
772,BiologicalYear,2003,44,0.00776388,36430.9,275.512
773,BiologicalYear,2003,45,0.00966822,35345.2,332.552
774,BiologicalYear,2003,46,0.0168461,34250.7,559.513
775,BiologicalYear,2003,47,0.0194829,32996.5,622.58
776,BiologicalYear,2003,48,0.0203486,31772,625.846
777,BiologicalYear,2003,49,0.0282527,30664.1,835.372
778,BiologicalYear,2003,50,0.0410336,29500.7,1159.91
779,BiologicalYear,2003,51,0.0385111,28216.1,1042.5
780,BiologicalYear,2003,52,0.084758,27312.9,2171.09
781,BiologicalYear,2004,1,0.0522007,26335.3,1310.02
782,BiologicalYear,2004,2,0.0520088,26901.5,1333.39
783,BiologicalYear,2004,3,0.0531603,28272.2,1431.55
784,BiologicalYear,2004,4,0.0479786,30565.7,1400.39
785,BiologicalYear,2004,5,0.0773443,34129.9,2484.66
786,BiologicalYear,2004,6,0.0780786,38054.1,2795.64
787,BiologicalYear,2004,7,0.0815053,43340.8,3318.19
788,BiologicalYear,2004,8,0.0523788,49943.2,2492.63
789,BiologicalYear,2004,9,0.0723156,59345.2,4049.41
790,BiologicalYear,2004,10,0.087335,69083.3,5651.22
791,BiologicalYear,2004,11,0.0884476,78949.5,6537.02
792,BiologicalYear,2004,12,0.119321,89380.1,9834.76
793,BiologicalYear,2004,13,0.120155,97446.5,10792.9
794,BiologicalYear,2004,14,0.110938,105015,10787.2
795,BiologicalYear,2004,15,0.133016,112504,13708.6
796,BiologicalYear,2004,16,0.118025,116322,12668.2
797,BiologicalYear,2004,17,0.113663,120040,12616.8
798,BiologicalYear,2004,18,0.0970553,122260,11061.7
799,BiologicalYear,2004,19,0.121116,124278,13868.3
800,BiologicalYear,2004,20,0.102462,121489,11573.7
801,BiologicalYear,2004,21,0.0765088,119141,8583.3
802,BiologicalYear,2004,22,0.105636,118068,11578.3
803,BiologicalYear,2004,23,0.0886144,112303,9315.45
804,BiologicalYear,2004,24,0.0996287,107441,9966.1
805,BiologicalYear,2004,25,0.0948725,100725,8917.78
806,BiologicalYear,2004,26,0.0763486,94108.5,6766.22
807,BiologicalYear,2004,27,0.0605871,88908.7,5112.09
808,BiologicalYear,2004,28,0.05291,84772.6,4272.73
809,BiologicalYear,2004,29,0.0468928,80996.6,3628.87
810,BiologicalYear,2004,30,0.0388007,77486.3,2883.99
811,BiologicalYear,2004,31,0.0278971,74426.6,2002.42
812,BiologicalYear,2004,32,0.027733,72017.6,1926.36
813,BiologicalYear,2004,33,0.0236305,69491.2,1587.03
814,BiologicalYear,2004,34,0.0200203,67157.5,1301.73
815,BiologicalYear,2004,35,0.0138846,64993.7,876.356
816,BiologicalYear,2004,36,0.011615,63165.7,713.287
817,BiologicalYear,2004,37,0.0132171,61427.1,788.706
818,BiologicalYear,2004,38,0.0070758,59557.3,410.631
819,BiologicalYear,2004,39,0.00600776,58030.3,339.89
820,BiologicalYear,2004,40,0.0047261,56546.7,260.71
821,BiologicalYear,2004,41,0.00656403,55128.7,352.695
822,BiologicalYear,2004,42,0.0047261,53618.3,247.208
823,BiologicalYear,2004,43,0.00328202,52229.8,167.347
824,BiologicalYear,2004,44,0.00708804,50950.7,351.897
825,BiologicalYear,2004,45,0.0137138,49533.6,659.738
826,BiologicalYear,2004,46,0.0172578,47882.1,801.144
827,BiologicalYear,2004,47,0.0255786,46195.9,1140.89
828,BiologicalYear,2004,48,0.0329025,44313.9,1402.69
829,BiologicalYear,2004,49,0.0447545,42364.2,1813.39
830,BiologicalYear,2004,50,0.0396245,40258.5,1529.59
831,BiologicalYear,2004,51,0.0396245,38766.6,1472.91
832,BiologicalYear,2004,52,0.0343177,37741.7,1245.17
833,BiologicalYear,2005,1,0.040335,36782.3,1422.07
834,BiologicalYear,2005,2,0.049688,36070.8,1710.05
835,BiologicalYear,2005,3,0.0442321,35610.1,1506.88
836,BiologicalYear,2005,4,0.0261106,36025.4,907.976
837,BiologicalYear,2005,5,0.047217,37851.7,1707.31
838,BiologicalYear,2005,6,0.0549208,39817.9,2081.12
839,BiologicalYear,2005,7,0.0571574,42499.8,2309.22
840,BiologicalYear,2005,8,0.0549208,46157.2,2412.46
841,BiologicalYear,2005,9,0.0615628,50978.7,2976.96
842,BiologicalYear,2005,10,0.0657988,56482.7,3518
843,BiologicalYear,2005,11,0.0689052,62595.5,4076.58
844,BiologicalYear,2005,12,0.0948859,69107.2,6119.32
845,BiologicalYear,2005,13,0.0830251,74211,5783.28
846,BiologicalYear,2005,14,0.107656,80003.7,7987.68
847,BiologicalYear,2005,15,0.0974161,83496.4,7581.24
848,BiologicalYear,2005,16,0.101567,86998.2,8219.14
849,BiologicalYear,2005,17,0.12177,89111.9,9994.61
850,BiologicalYear,2005,18,0.11062,88409.7,9056.89
851,BiologicalYear,2005,19,0.120776,87513.8,9739.96
852,BiologicalYear,2005,20,0.109522,84692,8594.52
853,BiologicalYear,2005,21,0.0897586,81830.4,6871.59
854,BiologicalYear,2005,22,0.072181,79595.7,5421.45
855,BiologicalYear,2005,23,0.0602356,77818.6,4449.23
856,BiologicalYear,2005,24,0.0678603,76136.6,4885.77
857,BiologicalYear,2005,25,0.0615064,73242.8,4273.29
858,BiologicalYear,2005,26,0.0592189,70340.3,3955.76
859,BiologicalYear,2005,27,0.0282297,67246.7,1830.51
860,BiologicalYear,2005,28,0.0442405,65899.6,2789.13
861,BiologicalYear,2005,29,0.0385525,63238.7,2338.94
862,BiologicalYear,2005,30,0.0360244,60773.3,2102.98
863,BiologicalYear,2005,31,0.0291576,58341.4,1639.55
864,BiologicalYear,2005,32,0.024659,56218.1,1339.1
865,BiologicalYear,2005,33,0.0226596,54271,1189.08
866,BiologicalYear,2005,34,0.0124961,52375.4,636.03
867,BiologicalYear,2005,35,0.00799752,50958.7,396.932
868,BiologicalYear,2005,36,0.00989524,49715.6,478.689
869,BiologicalYear,2005,37,0.00542205,48336.9,255.588
870,BiologicalYear,2005,38,0.000406654,47144.3,18.7426
871,BiologicalYear,2005,39,0.00284658,46158.7,128.3
872,BiologicalYear,2005,40,0.00239926,45040.1,105.542
873,BiologicalYear,2005,41,0.00373218,43933.7,160.037
874,BiologicalYear,2005,42,0.00266584,42772.4,111.35
875,BiologicalYear,2005,43,0.00293242,41670.6,119.314
876,BiologicalYear,2005,44,0.00969982,40581.5,383.061
877,BiologicalYear,2005,45,0.0125159,39263,477.547
878,BiologicalYear,2005,46,0.0165836,37905.1,609.637
879,BiologicalYear,2005,47,0.0184609,36489.8,652.707
880,BiologicalYear,2005,48,0.0303533,35130.4,1027.14
881,BiologicalYear,2005,49,0.0344842,33525.5,1111.35
882,BiologicalYear,2005,50,0.0378967,32008.2,1164.09
883,BiologicalYear,2005,51,0.0330474,30655.7,974.565
884,BiologicalYear,2005,52,0.0316105,29766.2,905.786
885,BiologicalYear,2006,1,0.0501137,30304.6,1448.69
886,BiologicalYear,2006,2,0.0452198,31070.5,1343.49
887,BiologicalYear,2006,3,0.0313211,32917.8,992.66
888,BiologicalYear,2006,4,0.0456113,36321.2,1583.82
889,BiologicalYear,2006,5,0.0584206,40579.1,2252.19
890,BiologicalYear,2006,6,0.055924,45881.3,2440.64
891,BiologicalYear,2006,7,0.0701547,52969.9,3510.11
892,BiologicalYear,2006,8,0.0661601,61143,3828.5
893,BiologicalYear,2006,9,0.0624152,71282.4,4218.48
894,BiologicalYear,2006,10,0.0947576,83300.1,7366.56
895,BiologicalYear,2006,11,0.117454,94170.4,10209
896,BiologicalYear,2006,12,0.108092,103838,10407.1
897,BiologicalYear,2006,13,0.112631,114518,11933.1
898,BiologicalYear,2006,14,0.113993,124222,13092.1
899,BiologicalYear,2006,15,0.10593,132638,13041.4
900,BiologicalYear,2006,16,0.135679,140339,17420
901,BiologicalYear,2006,17,0.106208,142154,14011.9
902,BiologicalYear,2006,18,0.0730768,145636,10038.3
903,BiologicalYear,2006,19,0.113062,151094,15801.4
904,BiologicalYear,2006,20,0.114993,148368,15766.4
905,BiologicalYear,2006,21,0.0750072,143406,10136.1
906,BiologicalYear,2006,22,0.102134,142093,13495.4
907,BiologicalYear,2006,23,0.0947292,135422,11972.5
908,BiologicalYear,2006,24,0.0681744,128642,8292
909,BiologicalYear,2006,25,0.0658764,124219,7745.75
910,BiologicalYear,2006,26,0.0676637,119190,7627.12
911,BiologicalYear,2006,27,0.0552391,113339,5957.19
912,BiologicalYear,2006,28,0.0503713,108437,5209.75
913,BiologicalYear,2006,29,0.0325932,103699,3252.07
914,BiologicalYear,2006,30,0.0330165,100474,3191.2
915,BiologicalYear,2006,31,0.0267818,96928.5,2504.94
916,BiologicalYear,2006,32,0.0132235,93778.5,1204.67
917,BiologicalYear,2006,33,0.00769976,91700.7,687.791
918,BiologicalYear,2006,34,0.0107127,89938.6,937.139
919,BiologicalYear,2006,35,0.0100772,87756.4,860.428
920,BiologicalYear,2006,36,0.00326829,85522.9,272.875
921,BiologicalYear,2006,37,0.000817072,83779.4,66.9092
922,BiologicalYear,2006,38,0.0019065,82156.9,153.015
923,BiologicalYear,2006,39,0.003813,80381.5,299.135
924,BiologicalYear,2006,40,0.00615981,78416.2,470.881
925,BiologicalYear,2006,41,0.00321381,76258.6,239.267
926,BiologicalYear,2006,42,0.00803454,74334.3,581.681
927,BiologicalYear,2006,43,0.00709717,72084.4,498.498
928,BiologicalYear,2006,44,0.00880168,69962,599.511
929,BiologicalYear,2006,45,0.0100591,67803.6,663.604
930,BiologicalYear,2006,46,0.0121023,65674.5,772.545
931,BiologicalYear,2006,47,0.0243618,63562.5,1496.01
932,BiologicalYear,2006,48,0.0333808,60898.8,1955.22
933,BiologicalYear,2006,49,0.0353656,58015.7,1971.48
934,BiologicalYear,2006,50,0.0341025,55428.7,1817.43
935,BiologicalYear,2006,51,0.0270655,53387.5,1394.12
936,BiologicalYear,2006,52,0.0364482,52258.6,1829.23
937,BiologicalYear,2007,1,0.040937,50764.6,1991.36
938,BiologicalYear,2007,2,0.0274809,49713,1317.82
939,BiologicalYear,2007,3,0.0214161,50094,1037.97
940,BiologicalYear,2007,4,0.0435904,51676.7,2155.71
941,BiologicalYear,2007,5,0.0319058,53250,1635.3
942,BiologicalYear,2007,6,0.0406074,56683.4,2206
943,BiologicalYear,2007,7,0.052693,61059.3,3065.23
944,BiologicalYear,2007,8,0.0497924,66241.9,3146.84
945,BiologicalYear,2007,9,0.0428487,73110.5,2999.04
946,BiologicalYear,2007,10,0.0510889,81886.5,3988.78
947,BiologicalYear,2007,11,0.0829508,91269.7,7106.56
948,BiologicalYear,2007,12,0.0796547,98806.8,7399.65
949,BiologicalYear,2007,13,0.0725132,107003,7320.59
950,BiologicalYear,2007,14,0.0748315,115766,8164.03
951,BiologicalYear,2007,15,0.0934048,123623,10783.5
952,BiologicalYear,2007,16,0.0807534,128221,9729.72
953,BiologicalYear,2007,17,0.0944815,132875,11718
954,BiologicalYear,2007,18,0.101453,134104,12655.9
955,BiologicalYear,2007,19,0.0875696,132750,10887.3
956,BiologicalYear,2007,20,0.0955791,131491,11724.3
957,BiologicalYear,2007,21,0.0950451,127666,11322.7
958,BiologicalYear,2007,22,0.0699588,122646,8105.33
959,BiologicalYear,2007,23,0.0751501,119469,8459.74
960,BiologicalYear,2007,24,0.0551265,114669,6015.13
961,BiologicalYear,2007,25,0.0731725,111294,7680.86
962,BiologicalYear,2007,26,0.0657563,105334,6556.57
963,BiologicalYear,2007,27,0.0458987,99811,4379.15
964,BiologicalYear,2007,28,0.0418006,95935.4,3841.04
965,BiologicalYear,2007,29,0.0463085,92149.2,4078.27
966,BiologicalYear,2007,30,0.0405712,87765.6,3412.66
967,BiologicalYear,2007,31,0.0246325,83784.8,1993.62
968,BiologicalYear,2007,32,0.0153953,81024.8,1210.48
969,BiologicalYear,2007,33,0.0158815,78875.5,1215.29
970,BiologicalYear,2007,34,0.0051858,76573.3,387.294
971,BiologicalYear,2007,35,0.00263685,74988.7,193.098
972,BiologicalYear,2007,36,0.00158211,73497,113.613
973,BiologicalYear,2007,37,0.00210948,72002.6,148.366
974,BiologicalYear,2007,38,0.00131842,70409.6,90.7126
975,BiologicalYear,2007,39,0.000791054,68829.1,53.2197
976,BiologicalYear,2007,40,0.00233361,67255.6,153.292
977,BiologicalYear,2007,41,0.00246325,65566.1,157.733
978,BiologicalYear,2007,42,0.00181503,63873.2,113.26
979,BiologicalYear,2007,43,0.00181503,62240.2,110.364
980,BiologicalYear,2007,44,0.00593455,60639.8,350.859
981,BiologicalYear,2007,45,0.00547805,58847.1,314.366
982,BiologicalYear,2007,46,0.0118691,57163.6,659.548
983,BiologicalYear,2007,47,0.0124778,55232.8,669.75
984,BiologicalYear,2007,48,0.0174691,53426.6,904.761
985,BiologicalYear,2007,49,0.0209629,51559.2,1045.96
986,BiologicalYear,2007,50,0.0277759,49778,1333.52
987,BiologicalYear,2007,51,0.0258543,48003.1,1198.14
988,BiologicalYear,2007,52,0.0256796,46741.3,1158.86
989,BiologicalYear,2008,1,0.029483,45537.3,1293.8
990,BiologicalYear,2008,2,0.0323695,44643.5,1390.6
991,BiologicalYear,2008,3,0.0451523,44213,1908.97
992,BiologicalYear,2008,4,0.0369053,43956.3,1557.56
993,BiologicalYear,2008,5,0.0462788,44897.6,1985.8
994,BiologicalYear,2008,6,0.0546931,46394.9,2415.1
995,BiologicalYear,2008,7,0.0512748,48591.3,2375.33
996,BiologicalYear,2008,8,0.0381274,52074.9,1905.2
997,BiologicalYear,2008,9,0.0242031,57342.5,1340.94
998,BiologicalYear,2008,10,0.0212151,64477.9,1323.6
999,BiologicalYear,2008,11,0.0609561,72822.3,4211.88
1000,BiologicalYear,2008,12,0.0708166,79202.5,5296.23
1001,BiologicalYear,2008,13,0.0567728,85178.3,4597.87
1002,BiologicalYear,2008,14,0.0822847,92228.6,7125.87
1003,BiologicalYear,2008,15,0.0802349,96655.9,7289.22
1004,BiologicalYear,2008,16,0.0764281,100503,7233.22
1005,BiologicalYear,2008,17,0.0849202,103662,8255.16
1006,BiologicalYear,2008,18,0.101653,104766,9905.67
1007,BiologicalYear,2008,19,0.0824843,102996,7976.3
1008,BiologicalYear,2008,20,0.0778373,101949,7467.38
1009,BiologicalYear,2008,21,0.0746425,100178,7047.53
1010,BiologicalYear,2008,22,0.0658863,97661,6090.61
1011,BiologicalYear,2008,23,0.052978,95058.7,4797.17
1012,BiologicalYear,2008,24,0.0365736,92845.7,3260.9
1013,BiologicalYear,2008,25,0.0155976,91401.6,1383.31
1014,BiologicalYear,2008,26,0.010757,91193.1,954.113
1015,BiologicalYear,2008,27,0.00869341,90848.1,768.951
1016,BiologicalYear,2008,28,0.0111454,90214.1,977.766
1017,BiologicalYear,2008,29,0.00312071,88975.7,271.093
1018,BiologicalYear,2008,30,0.00468107,88132.5,402.474
1019,BiologicalYear,2008,31,0.00282071,86888.4,239.319
1020,BiologicalYear,2008,32,0.00158665,85591.4,132.689
1021,BiologicalYear,2008,33,0.00211553,84222.6,174.044
1022,BiologicalYear,2008,34,0.0031733,82665.7,256.105
1023,BiologicalYear,2008,35,0.000860556,80909.5,68.0547
1024,BiologicalYear,2008,36,0.00229482,79251,177.633
1025,BiologicalYear,2008,37,0.00114741,77409.4,86.8019
1026,BiologicalYear,2008,38,0.00114741,75606,84.7797
1027,BiologicalYear,2008,39,0.000573704,73766.2,41.3701
1028,BiologicalYear,2008,40,0.00112828,71946,79.3318
1029,BiologicalYear,2008,41,0.00112828,70076.8,77.2707
1030,BiologicalYear,2008,42,0.0019745,68212.3,131.571
1031,BiologicalYear,2008,43,0.00169243,66309.1,109.644
1032,BiologicalYear,2008,44,0.00364183,64457.4,229.125
1033,BiologicalYear,2008,45,0.00546274,62529.9,333.109
1034,BiologicalYear,2008,46,0.0124153,60561.4,730.711
1035,BiologicalYear,2008,47,0.00910456,58282.1,516.533
1036,BiologicalYear,2008,48,0.00893186,56333,489.831
1037,BiologicalYear,2008,49,0.0228047,54549.2,1202.74
1038,BiologicalYear,2008,50,0.029076,52232.4,1463.82
1039,BiologicalYear,2008,51,0.0298362,49897.9,1434.42
1040,BiologicalYear,2008,52,0.0600525,47899,2730.52
1041,BiologicalYear,2009,1,0.0234126,45446.3,1028.43
1042,BiologicalYear,2009,2,0.0258139,45342.5,1129.98
1043,BiologicalYear,2009,3,0.0266143,45895.4,1178.76
1044,BiologicalYear,2009,4,0.0374201,47334.3,1700.23
1045,BiologicalYear,2009,5,0.0385366,49379.9,1825.62
1046,BiologicalYear,2009,6,0.0428752,52639.1,2160.59
1047,BiologicalYear,2009,7,0.0461929,57089.5,2520.46
1048,BiologicalYear,2009,8,0.032922,62858.8,1990.86
1049,BiologicalYear,2009,9,0.0223308,70937.5,1531.94
1050,BiologicalYear,2009,10,0.0507519,81239.8,3931.83
1051,BiologicalYear,2009,11,0.0591622,90699.7,5095.99
1052,BiologicalYear,2009,12,0.0623523,100312,5930.66
1053,BiologicalYear,2009,13,0.0632224,110025,6592.88
1054,BiologicalYear,2009,14,0.0682106,119536,7709
1055,BiologicalYear,2009,15,0.0642316,127849,7779.32
1056,BiologicalYear,2009,16,0.0869685,135517,11041.2
1057,BiologicalYear,2009,17,0.0815685,138798,10634.4
1058,BiologicalYear,2009,18,0.0738553,141097,9825.28
1059,BiologicalYear,2009,19,0.0479214,142598,6525.63
1060,BiologicalYear,2009,20,0.0637073,145753,8798.65
1061,BiologicalYear,2009,21,0.0639892,144848,8781.44
1062,BiologicalYear,2009,22,0.0514189,142314,6975.94
1063,BiologicalYear,2009,23,0.0548121,140136,7310.24
1064,BiologicalYear,2009,24,0.053768,136307,6978.67
1065,BiologicalYear,2009,25,0.0472428,131706,5943.82
1066,BiologicalYear,2009,26,0.0417616,127238,5089.66
1067,BiologicalYear,2009,27,0.0276926,122884,3282.24
1068,BiologicalYear,2009,28,0.0250964,119754,2902.49
1069,BiologicalYear,2009,29,0.00930297,116508,1054.97
1070,BiologicalYear,2009,30,0.0250964,114725,2780.58
1071,BiologicalYear,2009,31,0.0119774,110859,1290.69
1072,BiologicalYear,2009,32,0.00667315,108247,704
1073,BiologicalYear,2009,33,0.00684426,106010,707.07
1074,BiologicalYear,2009,34,0.00307992,103591,311.503
1075,BiologicalYear,2009,35,0.00389775,101429,385.834
1076,BiologicalYear,2009,36,0.0027841,99075.8,269.351
1077,BiologicalYear,2009,37,0.0027841,96752,263.033
1078,BiologicalYear,2009,38,0.00361934,94368.7,333.382
1079,BiologicalYear,2009,39,0.00515059,91870.3,461.517
1080,BiologicalYear,2009,40,0.0064336,89220.4,559.497
1081,BiologicalYear,2009,41,0.00438032,86470.3,369.568
1082,BiologicalYear,2009,42,0.00383278,83926,313.942
1083,BiologicalYear,2009,43,0.00396967,81465,315.599
1084,BiologicalYear,2009,44,0.0080333,79045.7,618.453
1085,BiologicalYear,2009,45,0.0160666,76387.2,1190.56
1086,BiologicalYear,2009,46,0.0170306,73252.5,1209.63
1087,BiologicalYear,2009,47,0.012532,70232,855.305
1088,BiologicalYear,2009,48,0.0180758,67726,1186.39
1089,BiologicalYear,2009,49,0.0167847,65081.3,1059.31
1090,BiologicalYear,2009,50,0.0162313,62810,988.904
1091,BiologicalYear,2009,51,0.0215803,60913,1271.71
1092,BiologicalYear,2009,52,0.0184447,59116.7,1056.52
1093,BiologicalYear,2010,1,0.0148099,58114.9,835.444
1094,BiologicalYear,2010,2,0.0138226,57971.4,778.203
1095,BiologicalYear,2010,3,0.0124403,58676.6,709.388
1096,BiologicalYear,2010,4,0.0252756,60427,1474.9
1097,BiologicalYear,2010,5,0.0261914,62593.2,1582.41
1098,BiologicalYear,2010,6,0.0216583,66063.2,1384.17
1099,BiologicalYear,2010,7,0.0407981,71347.7,2789.48
1100,BiologicalYear,2010,8,0.0287098,76983.1,2130.68
1101,BiologicalYear,2010,9,0.0300491,85163.3,2465.41
1102,BiologicalYear,2010,10,0.0495095,94858.7,4481.31
1103,BiologicalYear,2010,11,0.0472201,104209,4700.66
1104,BiologicalYear,2010,12,0.0503681,114770,5513.65
1105,BiologicalYear,2010,13,0.0434997,125525,5225.66
1106,BiologicalYear,2010,14,0.0560917,137095,7313.96
1107,BiologicalYear,2010,15,0.0650664,146480,9025.11
1108,BiologicalYear,2010,16,0.0566526,153509,8269.29
1109,BiologicalYear,2010,17,0.0659078,160227,9995.69
1110,BiologicalYear,2010,18,0.0522958,163706,8157.85
1111,BiologicalYear,2010,19,0.0620317,167348,9844.63
1112,BiologicalYear,2010,20,0.0728803,167422,11510
1113,BiologicalYear,2010,21,0.0820599,163955,12634.4
1114,BiologicalYear,2010,22,0.0615578,157610,9203.06
1115,BiologicalYear,2010,23,0.0656788,153215,9526.08
1116,BiologicalYear,2010,24,0.0528006,147134,7400.97
1117,BiologicalYear,2010,25,0.0594973,142072,8026.26
1118,BiologicalYear,2010,26,0.046104,135424,5967.64
1119,BiologicalYear,2010,27,0.0320238,130104,4010.01
1120,BiologicalYear,2010,28,0.0269,126147,3274.24
1121,BiologicalYear,2010,29,0.0298889,122427,3525.56
1122,BiologicalYear,2010,30,0.013023,118048,1493.59
1123,BiologicalYear,2010,31,0.0141832,115403,1589.29
1124,BiologicalYear,2010,32,0.00962431,112390,1052.67
1125,BiologicalYear,2010,33,0.00489658,109705,523.997
1126,BiologicalYear,2010,34,0.00303925,107376,318.629
1127,BiologicalYear,2010,35,0.00219788,105108,225.647
1128,BiologicalYear,2010,36,0.00425839,102816,427.222
1129,BiologicalYear,2010,37,0.00329682,100232,322.593
1130,BiologicalYear,2010,38,0.00192314,97691.1,183.534
1131,BiologicalYear,2010,39,0.00343419,95246.9,319.301
1132,BiologicalYear,2010,40,0.000945546,92641.3,85.6148
1133,BiologicalYear,2010,41,0.00135078,90263.7,119.144
1134,BiologicalYear,2010,42,0.00162094,87858.9,139.145
1135,BiologicalYear,2010,43,0.00162094,85457.9,135.342
1136,BiologicalYear,2010,44,0.00396362,83102.5,321.453
1137,BiologicalYear,2010,45,0.00507344,80622.9,398.963
1138,BiologicalYear,2010,46,0.00919561,78153.9,699.545
1139,BiologicalYear,2010,47,0.0130007,75502.1,953.655
1140,BiologicalYear,2010,48,0.0145609,72754.3,1028.44
1141,BiologicalYear,2010,49,0.0207494,70135.3,1408.45
1142,BiologicalYear,2010,50,0.0216594,67395.4,1412.15
1143,BiologicalYear,2010,51,0.0258457,64983.6,1621.43
1144,BiologicalYear,2010,52,0.0209314,62779.1,1271.67
