# Minimum negative log likelihood

Minuit did successfully converge.
# of function calls: 1339
minimum function Value: 3699.237375552
minimum edm: 2.286535060065e-05
minimum internal state vector: LAVector parameters:
     -1.184561728953
     -1.323085395214
     -1.070042933289
     -1.516926042884
     -1.518158466615
    -0.1528299755073
     -1.244844597752
     -1.433679778851
     -1.414828137797
     -1.423130439944
     -1.407989842441
     -1.414632962327
     -1.411589150906
     -1.403684278829
     -1.383334418816
      -1.46209003815
     -1.391933934299
     -1.366954613866
     -1.438048443767
      -1.37054630004
       -1.3702203787
     -1.384972773328
     -1.333664325506
     -1.382212570608
     -1.312900452459
     -1.347241281017
     -1.379366540409
      -1.34535570164
     -1.339440037005

minimum internal covariance matrix: LASymMatrix parameters:
   0.0013080242  0.00071381307 -1.3970372e-06 -0.00016372132 -0.00015956735  0.00018932941 -0.00032101289  -0.0001154378 -0.00024164288 -0.00022131066 -0.00024005374  -0.0002235838 -0.00023893115  -0.0002100906 -0.00017990007 -0.00012940433 -0.00018274188 -0.00018590028 -0.00010689537 -0.00026893652 -0.00019928252 -0.00016498171 -0.00020600006 -0.00019226566 -0.00024420087 -0.00025374863 -0.00024632337 -0.00035366295 -0.00033688863
  0.00071381307  0.00070626161  2.3274918e-06 -0.00012998654 -0.00012185051  0.00012017961 -7.5176608e-05 -0.00011296085 -0.00015311855  -0.0001378448  -0.0001552024  -0.0001326713 -0.00014776504 -0.00012265261 -0.00011373044 -7.7155701e-05 -0.00011247901  -0.0001162789 -5.8579702e-05 -0.00016452356 -0.00011790092 -9.3218406e-05 -0.00012022672 -0.00010497031 -0.00014021055  -0.0001406518 -0.00013849028 -0.00020248237 -0.00018868012
 -1.3970372e-06  2.3274918e-06  5.6460629e-05 -3.9630373e-07 -1.3317974e-07  1.3558116e-07  1.1945381e-06 -3.1249965e-06  1.4534791e-07  1.1284251e-07  2.6831341e-07  3.1098404e-07  4.2983966e-07  5.5015234e-07 -2.3291972e-08 -3.1721196e-08 -5.4239215e-08   1.826183e-07  3.0908569e-07  3.4701601e-08 -1.5059248e-07 -1.2694679e-07  1.3260551e-08  3.5760604e-07   -2.69904e-07  5.2210046e-07    3.72938e-07  2.3631911e-07  2.1385317e-07
 -0.00016372132 -0.00012998654 -3.9630373e-07  8.7868305e-05  7.3719248e-05 -2.6019788e-05  2.5641385e-05  7.5427888e-05  3.1835608e-05  2.8769464e-05  3.3318925e-05  2.8615286e-05  3.3423684e-05  2.6471396e-05  2.5679455e-05  1.6620658e-05  2.5273808e-05  2.5078228e-05  1.2348514e-05  3.6603743e-05  2.6740037e-05  2.1399902e-05  2.7913862e-05  2.3395029e-05  3.3951057e-05  3.0822803e-05   3.135457e-05  4.4816428e-05  4.3096545e-05
 -0.00015956735 -0.00012185051 -1.3317974e-07  7.3719248e-05  6.2999986e-05 -2.4933268e-05  2.6573673e-05  5.7091174e-05  3.0851666e-05  2.8232806e-05  3.2470961e-05  2.7876907e-05  3.1978174e-05  2.6101132e-05  2.4733468e-05  1.6120156e-05  2.4463732e-05  2.4327548e-05  1.2248615e-05  3.5440992e-05  2.5636494e-05  2.0736541e-05  2.6895262e-05  2.2927137e-05  3.2446287e-05  3.0346977e-05  3.0717218e-05   4.375722e-05  4.2267838e-05
  0.00018932941  0.00012017961  1.3558116e-07 -2.6019788e-05 -2.4933268e-05  3.2412995e-05  -4.098235e-05 -2.0063624e-05  -3.586899e-05 -3.2732971e-05 -3.4133631e-05 -3.3345289e-05 -3.4173244e-05 -3.0577645e-05 -2.5985416e-05 -1.9832181e-05 -2.5984921e-05 -2.6917123e-05 -1.5760034e-05 -3.8140047e-05 -2.8984319e-05 -2.3898227e-05 -2.9217824e-05 -2.7893338e-05 -3.4360058e-05  -3.660109e-05 -3.3617526e-05  -5.071798e-05 -4.8364321e-05
 -0.00032101289 -7.5176608e-05  1.1945381e-06  2.5641385e-05  2.6573673e-05  -4.098235e-05  0.00015053588   8.021154e-06  5.2216536e-05  4.7066655e-05  5.0132889e-05  5.0379615e-05   5.454908e-05  4.7144039e-05  3.9732661e-05  3.2203202e-05  3.8929564e-05  4.3670679e-05  2.6061294e-05  6.0738754e-05  4.6192307e-05  3.8394333e-05  4.5418198e-05  4.6783214e-05  5.4290967e-05  6.2981626e-05  6.1426034e-05  8.2776397e-05  7.5097392e-05
  -0.0001154378 -0.00011296085 -3.1249965e-06  7.5427888e-05  5.7091174e-05 -2.0063624e-05   8.021154e-06  0.00015724707  1.6930746e-05  2.1207604e-05  2.3954666e-05  2.0921011e-05  2.3077916e-05  1.8764159e-05  1.8276107e-05  1.1567493e-05  1.6636565e-05  1.8153229e-05  9.5833708e-06   2.539254e-05  1.8182737e-05  1.4916717e-05  1.9407882e-05  1.5784016e-05  2.3026324e-05  2.1093624e-05  2.1059975e-05   3.179207e-05  2.9099905e-05
 -0.00024164288 -0.00015311855  1.4534791e-07  3.1835608e-05  3.0851666e-05  -3.586899e-05  5.2216536e-05  1.6930746e-05  0.00010260102   3.068665e-05  4.0829061e-05  4.0143679e-05  4.7800386e-05  4.4467984e-05  2.9760454e-05   1.601467e-05  3.1836773e-05  3.3625637e-05  1.8658649e-05  5.0840584e-05    3.33094e-05  2.8993755e-05  4.0105503e-05  3.9704696e-05  4.6258152e-05  5.0503191e-05  4.7533621e-05  6.2469842e-05  6.1151199e-05
 -0.00022131066  -0.0001378448  1.1284251e-07  2.8769464e-05  2.8232806e-05 -3.2732971e-05  4.7066655e-05  2.1207604e-05   3.068665e-05  9.1818197e-05  3.2417344e-05  3.4768494e-05  4.5207659e-05  3.5094658e-05  2.7478322e-05  1.6349264e-05  2.6617555e-05  2.9197657e-05  1.6666188e-05  4.3637009e-05  3.2440463e-05  2.6900351e-05  3.6732037e-05  3.4876303e-05  4.5875583e-05    4.48007e-05  4.4749269e-05  5.8000588e-05  5.3030867e-05
 -0.00024005374  -0.0001552024  2.6831341e-07  3.3318925e-05  3.2470961e-05 -3.4133631e-05  5.0132889e-05  2.3954666e-05  4.0829061e-05  3.2417344e-05  0.00010509929  3.6550159e-05  4.3751343e-05  3.2864483e-05  2.8945631e-05  2.4015598e-05  3.2890352e-05  3.2608777e-05  1.7757114e-05  4.8014971e-05  4.0703604e-05  2.9952832e-05  3.8637424e-05  3.7685362e-05  4.8957705e-05  5.0653457e-05  4.8103136e-05  7.0004882e-05  6.0096237e-05
  -0.0002235838  -0.0001326713  3.1098404e-07  2.8615286e-05  2.7876907e-05 -3.3345289e-05  5.0379615e-05  2.0921011e-05  4.0143679e-05  3.4768494e-05  3.6550159e-05   9.499356e-05  2.7478881e-05  2.6661142e-05  2.6444038e-05  1.7727575e-05  3.3977117e-05   3.153091e-05  1.5404127e-05  4.8172944e-05  3.2556158e-05  2.7335691e-05  3.3994578e-05  2.9985725e-05  4.1253336e-05  4.2534667e-05  4.6769285e-05  6.0200171e-05  6.0287125e-05
 -0.00023893115 -0.00014776504  4.2983966e-07  3.3423684e-05  3.1978174e-05 -3.4173244e-05   5.454908e-05  2.3077916e-05  4.7800386e-05  4.5207659e-05  4.3751343e-05  2.7478881e-05  9.6570253e-05  2.9372198e-05  2.9547469e-05  1.9968178e-05  3.5653148e-05  3.7598342e-05  2.1964478e-05  5.2623402e-05  3.3206947e-05  3.0601967e-05  3.6126378e-05  3.1348743e-05  4.0407558e-05  4.5740085e-05  4.9108931e-05  6.6493529e-05  6.7755505e-05
  -0.0002100906 -0.00012265261  5.5015234e-07  2.6471396e-05  2.6101132e-05 -3.0577645e-05  4.7144039e-05  1.8764159e-05  4.4467984e-05  3.5094658e-05  3.2864483e-05  2.6661142e-05  2.9372198e-05  8.0110096e-05  2.7282645e-05  2.3111019e-05  2.8902156e-05  3.1628886e-05  1.9340335e-05   4.250857e-05  3.6622919e-05  2.8263874e-05  3.3127005e-05  2.6091929e-05  4.1834422e-05  3.6117991e-05  3.9610456e-05  5.8721884e-05  5.1791087e-05
 -0.00017990007 -0.00011373044 -2.3291972e-08  2.5679455e-05  2.4733468e-05 -2.5985416e-05  3.9732661e-05  1.8276107e-05  2.9760454e-05  2.7478322e-05  2.8945631e-05  2.6444038e-05  2.9547469e-05  2.7282645e-05  7.4665526e-05  1.3302876e-05  3.0064858e-05  2.7657703e-05  1.4019851e-05  4.2409583e-05  3.1651769e-05   2.348091e-05   3.073556e-05  3.1033433e-05  3.3177799e-05  3.6801697e-05  3.0930397e-05  4.6142186e-05  4.5467532e-05
 -0.00012940433 -7.7155701e-05 -3.1721196e-08  1.6620658e-05  1.6120156e-05 -1.9832181e-05  3.2203202e-05  1.1567493e-05   1.601467e-05  1.6349264e-05  2.4015598e-05  1.7727575e-05  1.9968178e-05  2.3111019e-05  1.3302876e-05  6.9904831e-05  1.7111936e-05  2.0958851e-05  1.3316377e-05   3.046954e-05  1.5361452e-05  1.6686644e-05  2.2805136e-05   2.105569e-05   2.239087e-05  2.4107017e-05  2.3587802e-05  2.7185247e-05   3.256651e-05
 -0.00018274188 -0.00011247901 -5.4239215e-08  2.5273808e-05  2.4463732e-05 -2.5984921e-05  3.8929564e-05  1.6636565e-05  3.1836773e-05  2.6617555e-05  3.2890352e-05  3.3977117e-05  3.5653148e-05  2.8902156e-05  3.0064858e-05  1.7111936e-05  6.5835805e-05    2.80042e-05  2.3961122e-05   3.133025e-05   2.160128e-05  2.3858734e-05  2.9583973e-05  2.3867925e-05  3.5933789e-05  3.4252049e-05  3.7384479e-05  5.1386262e-05  4.4450489e-05
 -0.00018590028  -0.0001162789   1.826183e-07  2.5078228e-05  2.4327548e-05 -2.6917123e-05  4.3670679e-05  1.8153229e-05  3.3625637e-05  2.9197657e-05  3.2608777e-05   3.153091e-05  3.7598342e-05  3.1628886e-05  2.7657703e-05  2.0958851e-05    2.80042e-05  7.2371455e-05  4.8476504e-06  3.4500917e-05  2.6295893e-05  1.8842275e-05  2.5353853e-05   2.459889e-05  3.5210942e-05  3.6122938e-05  3.6210126e-05   5.121986e-05  4.8091412e-05
 -0.00010689537 -5.8579702e-05  3.0908569e-07  1.2348514e-05  1.2248615e-05 -1.5760034e-05  2.6061294e-05  9.5833708e-06  1.8658649e-05  1.6666188e-05  1.7757114e-05  1.5404127e-05  2.1964478e-05  1.9340335e-05  1.4019851e-05  1.3316377e-05  2.3961122e-05  4.8476504e-06  4.8942021e-05   2.058109e-05  1.6240323e-05  6.9973202e-06  1.1092628e-05  1.3656487e-05  1.8873031e-05  2.0986688e-05  2.0157599e-05  2.7631482e-05  2.8561321e-05
 -0.00026893652 -0.00016452356  3.4701601e-08  3.6603743e-05  3.5440992e-05 -3.8140047e-05  6.0738754e-05   2.539254e-05  5.0840584e-05  4.3637009e-05  4.8014971e-05  4.8172944e-05  5.2623402e-05   4.250857e-05  4.2409583e-05   3.046954e-05   3.133025e-05  3.4500917e-05   2.058109e-05   0.0001052589  3.7030793e-05  3.1453788e-05  3.9534003e-05  3.4867576e-05  5.1648037e-05  5.1066881e-05  5.2704663e-05   7.631904e-05  6.7813921e-05
 -0.00019928252 -0.00011790092 -1.5059248e-07  2.6740037e-05  2.5636494e-05 -2.8984319e-05  4.6192307e-05  1.8182737e-05    3.33094e-05  3.2440463e-05  4.0703604e-05  3.2556158e-05  3.3206947e-05  3.6622919e-05  3.1651769e-05  1.5361452e-05   2.160128e-05  2.6295893e-05  1.6240323e-05  3.7030793e-05  7.4750682e-05  2.1917453e-05  2.8298509e-05  2.4345355e-05  3.3807645e-05   3.701638e-05  4.1541896e-05  5.1530494e-05  5.3496131e-05
 -0.00016498171 -9.3218406e-05 -1.2694679e-07  2.1399902e-05  2.0736541e-05 -2.3898227e-05  3.8394333e-05  1.4916717e-05  2.8993755e-05  2.6900351e-05  2.9952832e-05  2.7335691e-05  3.0601967e-05  2.8263874e-05   2.348091e-05  1.6686644e-05  2.3858734e-05  1.8842275e-05  6.9973202e-06  3.1453788e-05  2.1917453e-05  7.3739895e-05  2.2688858e-05  2.1926273e-05  2.9157028e-05  3.1489256e-05  3.1175562e-05  4.3726537e-05  4.2331331e-05
 -0.00020600006 -0.00012022672  1.3260551e-08  2.7913862e-05  2.6895262e-05 -2.9217824e-05  4.5418198e-05  1.9407882e-05  4.0105503e-05  3.6732037e-05  3.8637424e-05  3.3994578e-05  3.6126378e-05  3.3127005e-05   3.073556e-05  2.2805136e-05  2.9583973e-05  2.5353853e-05  1.1092628e-05  3.9534003e-05  2.8298509e-05  2.2688858e-05  8.0807205e-05  2.6393555e-05  3.6603477e-05  3.9021402e-05  3.9568885e-05  5.6793807e-05   5.419281e-05
 -0.00019226566 -0.00010497031  3.5760604e-07  2.3395029e-05  2.2927137e-05 -2.7893338e-05  4.6783214e-05  1.5784016e-05  3.9704696e-05  3.4876303e-05  3.7685362e-05  2.9985725e-05  3.1348743e-05  2.6091929e-05  3.1033433e-05   2.105569e-05  2.3867925e-05   2.459889e-05  1.3656487e-05  3.4867576e-05  2.4345355e-05  2.1926273e-05  2.6393555e-05  7.9568334e-05  3.4355895e-05  3.0711653e-05  3.5845817e-05  5.0011681e-05  4.8400145e-05
 -0.00024420087 -0.00014021055   -2.69904e-07  3.3951057e-05  3.2446287e-05 -3.4360058e-05  5.4290967e-05  2.3026324e-05  4.6258152e-05  4.5875583e-05  4.8957705e-05  4.1253336e-05  4.0407558e-05  4.1834422e-05  3.3177799e-05   2.239087e-05  3.5933789e-05  3.5210942e-05  1.8873031e-05  5.1648037e-05  3.3807645e-05  2.9157028e-05  3.6603477e-05  3.4355895e-05  9.5570238e-05  4.5576933e-05  4.2376532e-05  6.2403185e-05  6.3668208e-05
 -0.00025374863  -0.0001406518  5.2210046e-07  3.0822803e-05  3.0346977e-05  -3.660109e-05  6.2981626e-05  2.1093624e-05  5.0503191e-05    4.48007e-05  5.0653457e-05  4.2534667e-05  4.5740085e-05  3.6117991e-05  3.6801697e-05  2.4107017e-05  3.4252049e-05  3.6122938e-05  2.0986688e-05  5.1066881e-05   3.701638e-05  3.1489256e-05  3.9021402e-05  3.0711653e-05  4.5576933e-05  9.8863471e-05  3.9111441e-05  5.8228768e-05  5.9343234e-05
 -0.00024632337 -0.00013849028    3.72938e-07   3.135457e-05  3.0717218e-05 -3.3617526e-05  6.1426034e-05  2.1059975e-05  4.7533621e-05  4.4749269e-05  4.8103136e-05  4.6769285e-05  4.9108931e-05  3.9610456e-05  3.0930397e-05  2.3587802e-05  3.7384479e-05  3.6210126e-05  2.0157599e-05  5.2704663e-05  4.1541896e-05  3.1175562e-05  3.9568885e-05  3.5845817e-05  4.2376532e-05  3.9111441e-05  0.00010742488  5.4170754e-05  5.4703029e-05
 -0.00035366295 -0.00020248237  2.3631911e-07  4.4816428e-05   4.375722e-05  -5.071798e-05  8.2776397e-05   3.179207e-05  6.2469842e-05  5.8000588e-05  7.0004882e-05  6.0200171e-05  6.6493529e-05  5.8721884e-05  4.6142186e-05  2.7185247e-05  5.1386262e-05   5.121986e-05  2.7631482e-05   7.631904e-05  5.1530494e-05  4.3726537e-05  5.6793807e-05  5.0011681e-05  6.2403185e-05  5.8228768e-05  5.4170754e-05  0.00014953242  8.3830379e-05
 -0.00033688863 -0.00018868012  2.1385317e-07  4.3096545e-05  4.2267838e-05 -4.8364321e-05  7.5097392e-05  2.9099905e-05  6.1151199e-05  5.3030867e-05  6.0096237e-05  6.0287125e-05  6.7755505e-05  5.1791087e-05  4.5467532e-05   3.256651e-05  4.4450489e-05  4.8091412e-05  2.8561321e-05  6.7813921e-05  5.3496131e-05  4.2331331e-05   5.419281e-05  4.8400145e-05  6.3668208e-05  5.9343234e-05  5.4703029e-05  8.3830379e-05  0.00015533928


# ext. ||   Name    ||   type  ||     Value     ||  Error +/- 

   0   ||Targeted q || limited ||      3.683296901818 ||0.4816313157941
   1   ||Nontargeted q || limited ||      1.526189633161 ||0.2303598908341
   2   ||     sigma || limited ||      6.138944161086 ||0.1275396951852
   3   ||  Biomass1 || limited ||     0.7253264381296 ||0.1784461326226
   4   ||  Biomass2 || limited ||     0.6925261578472 ||0.1476456336877
   5   ||   vm_mean || limited ||     -1.522357282647 ||0.03978795625757
   6   ||  vm_sigma || limited ||      2.107117599991 ||0.1111193668268
   7   ||Recruit year 1 || limited ||     0.4792408180014 ||0.06059340110337
   8   ||Recruit year 2 || limited ||     0.6168593775946 ||0.05562339944568
   9   ||Recruit year 3 || limited ||     0.5540861021234 ||0.04983946230118
  10   ||Recruit year 4 || limited ||     0.6711202796096 ||0.05874340134856
  11   ||Recruit year 5 || limited ||     0.6183760614564 ||0.05358802471396
  12   ||Recruit year 6 || limited ||       0.64227254606 ||0.05507521217433
  13   ||Recruit year 7 || limited ||     0.7064680101197 ||0.05263041499229
  14   ||Recruit year 8 || limited ||     0.8858917587269 ||0.05692923193171
  15   ||Recruit year 9 || limited ||     0.3051061081959 ||0.03206724318528
  16   ||Recruit year 10 || limited ||     0.8075841581374 ||0.0510318353316
  17   ||Recruit year 11 || limited ||      1.045090635182 ||0.06087989539808
  18   ||Recruit year 12 || limited ||     0.4498594530544 ||0.03273422664055
  19   ||Recruit year 13 || limited ||      1.009056356369 ||0.07214451654485
  20   ||Recruit year 14 || limited ||       1.01230015631 ||0.06089468533627
  21   ||Recruit year 15 || limited ||      0.870692546711 ||0.05608653980662
  22   ||Recruit year 16 || limited ||      1.409074582719 ||0.07465278691585
  23   ||Recruit year 17 || limited ||     0.8963753314144 ||0.05911611078909
  24   ||Recruit year 18 || limited ||      1.663396231232 ||0.08814322799352
  25   ||Recruit year 19 || limited ||      1.254102187135 ||0.077926811837
  26   ||Recruit year 20 || limited ||      0.923248486909 ||0.06971302297616
  27   ||Recruit year 21 || limited ||      1.275088170111 ||0.09663201656479
  28   ||Recruit year 22 || limited ||       1.34205198286 ||0.1010291381734





