timestep,YearType,Year,Week,EstimatedFishingMort,EstimatedBiomass,EstimatedCatches
1,SimYear,2007,1,0.062,434020,25519.6
2,SimYear,2007,2,0.0624,395678,23410.6
3,SimYear,2007,3,0.0644,361732,22066.5
4,SimYear,2007,4,0.0584,331303,18381.4
5,SimYear,2007,5,0.0736,306624,21280.6
6,SimYear,2007,6,0.0764,281111,20224.5
7,SimYear,2007,7,0.0788,258826,19183.5
8,SimYear,2007,8,0.0496,239812,11349.4
9,SimYear,2007,9,0.0648,230899,14170.1
10,SimYear,2007,10,0.076,221509,15856.1
11,SimYear,2007,11,0.0708,213127,14248.5
12,SimYear,2007,12,0.096,209421,18751.3
13,SimYear,2007,13,0.0956,204654,18251.7
14,SimYear,2007,14,0.09,204405,17208.7
15,SimYear,2007,15,0.1016,209759,19823
16,SimYear,2007,16,0.0892,217602,18164.1
17,SimYear,2007,17,0.0864,232921,18858.3
18,SimYear,2007,18,0.0756,253934,18085
19,SimYear,2007,19,0.092,282709,24306.3
20,SimYear,2007,20,0.0804,312502,23613.6
21,SimYear,2007,21,0.0604,350635,20100.5
22,SimYear,2007,22,0.0884,400004,33103.3
23,SimYear,2007,23,0.0736,443221,30760.9
24,SimYear,2007,24,0.086,495304,39924
25,SimYear,2007,25,0.0792,543297,40464.3
26,SimYear,2007,26,0.0668,594605,37579.7
27,SimYear,2007,27,0.0636,651078,39239.3
28,SimYear,2007,28,0.056,706179,37614.5
29,SimYear,2007,29,0.0496,761371,36032.8
30,SimYear,2007,30,0.0404,814788,31551
31,SimYear,2007,31,0.0348,867793,29025.7
32,SimYear,2007,32,0.0344,917044,30326.4
33,SimYear,2007,33,0.0296,957608,27313.7
34,SimYear,2007,34,0.0256,993280,24551.1
35,SimYear,2007,35,0.0216,1.02353e+06,21388.1
36,SimYear,2007,36,0.0176,1.0488e+06,17893
37,SimYear,2007,37,0.02,1.06969e+06,20713.3
38,SimYear,2007,38,0.012,1.08021e+06,12600
39,SimYear,2007,39,0.01,1.09209e+06,10626
40,SimYear,2007,40,0.0076,1.09969e+06,8141.66
41,SimYear,2007,41,0.01,1.10417e+06,10743.5
42,SimYear,2007,42,0.008,1.10099e+06,8578.58
43,SimYear,2007,43,0.006,1.09565e+06,6409.09
44,SimYear,2007,44,0.0092,1.08872e+06,9749.61
45,SimYear,2007,45,0.0184,1.07514e+06,19168.5
46,SimYear,2007,46,0.0236,1.04935e+06,23934.3
47,SimYear,2007,47,0.034,1.01667e+06,33236.6
48,SimYear,2007,48,0.0396,973069,36948.6
49,SimYear,2007,49,0.0572,924759,50283
50,SimYear,2007,50,0.0492,862555,40500.2
51,SimYear,2007,51,0.054,810242,41657
52,SimYear,2007,52,0.052,756968,37513.5
53,SimYear,2008,1,0.062,711729,41848.4
54,SimYear,2008,2,0.0624,662932,39223
55,SimYear,2008,3,0.0644,617892,37692.9
56,SimYear,2008,4,0.0584,575715,31941.9
57,SimYear,2008,5,0.0736,540844,37536.2
58,SimYear,2008,6,0.0764,502097,36123.2
59,SimYear,2008,7,0.0788,466916,34606.7
60,SimYear,2008,8,0.0496,435721,20621
61,SimYear,2008,9,0.0648,421341,25857.4
62,SimYear,2008,10,0.076,404709,28969.9
63,SimYear,2008,11,0.0708,388605,25980
64,SimYear,2008,12,0.096,379848,34011.3
65,SimYear,2008,13,0.0956,368038,32822.9
66,SimYear,2008,14,0.09,363408,30595.1
67,SimYear,2008,15,0.1016,367912,34769.1
68,SimYear,2008,16,0.0892,376029,31388.5
69,SimYear,2008,17,0.0864,396484,32101
70,SimYear,2008,18,0.0756,426095,30346.2
71,SimYear,2008,19,0.092,468289,40261.7
72,SimYear,2008,20,0.0804,511791,38672.6
73,SimYear,2008,21,0.0604,568770,32605.2
74,SimYear,2008,22,0.0884,643825,53281.2
75,SimYear,2008,23,0.0736,708854,49196.7
76,SimYear,2008,24,0.086,788128,63527.2
77,SimYear,2008,25,0.0792,860974,64124.6
78,SimYear,2008,26,0.0668,939239,59361.1
79,SimYear,2008,27,0.0636,1.02583e+06,61825.2
80,SimYear,2008,28,0.056,1.11043e+06,59146.8
81,SimYear,2008,29,0.0496,1.19533e+06,56570.4
82,SimYear,2008,30,0.0404,1.2776e+06,49472.6
83,SimYear,2008,31,0.0348,1.35937e+06,45467.9
84,SimYear,2008,32,0.0344,1.43539e+06,47468
85,SimYear,2008,33,0.0296,1.49793e+06,42725.2
86,SimYear,2008,34,0.0256,1.55292e+06,38383.9
87,SimYear,2008,35,0.0216,1.59954e+06,33424.7
88,SimYear,2008,36,0.0176,1.63845e+06,27952.8
89,SimYear,2008,37,0.02,1.6706e+06,32349.4
90,SimYear,2008,38,0.012,1.68662e+06,19673.4
91,SimYear,2008,39,0.01,1.70482e+06,16587.8
92,SimYear,2008,40,0.0076,1.71637e+06,12707.3
93,SimYear,2008,41,0.01,1.72309e+06,16765.6
94,SimYear,2008,42,0.008,1.7179e+06,13385.4
95,SimYear,2008,43,0.006,1.70937e+06,9999.07
96,SimYear,2008,44,0.0092,1.69837e+06,15209.1
97,SimYear,2008,45,0.0184,1.67703e+06,29899.6
98,SimYear,2008,46,0.0236,1.63667e+06,37330.3
99,SimYear,2008,47,0.034,1.58557e+06,51834.9
100,SimYear,2008,48,0.0396,1.51746e+06,57619.9
101,SimYear,2008,49,0.0572,1.44203e+06,78409.1
102,SimYear,2008,50,0.0492,1.34495e+06,63150.2
103,SimYear,2008,51,0.054,1.2633e+06,64950.1
104,SimYear,2008,52,0.052,1.18017e+06,58486.3
105,SimYear,2009,1,0.062,1.10783e+06,65138.7
106,SimYear,2009,2,0.0624,1.03e+06,60941.1
107,SimYear,2009,3,0.0644,958064,58444.2
108,SimYear,2009,4,0.0584,890602,49412.5
109,SimYear,2009,5,0.0736,834463,57914.3
110,SimYear,2009,6,0.0764,772339,55565.6
111,SimYear,2009,7,0.0788,715708,53046.5
112,SimYear,2009,8,0.0496,665173,31480.1
113,SimYear,2009,9,0.0648,640257,39292
114,SimYear,2009,10,0.076,611751,43790.3
115,SimYear,2009,11,0.0708,583895,39036
116,SimYear,2009,12,0.096,566927,50762.2
117,SimYear,2009,13,0.0956,545218,48624.5
118,SimYear,2009,14,0.09,534034,44960
119,SimYear,2009,15,0.1016,536139,50667.1
120,SimYear,2009,16,0.0892,543359,45356.2
121,SimYear,2009,17,0.0864,568311,46012.9
122,SimYear,2009,18,0.0756,606261,43177.4
123,SimYear,2009,19,0.092,662002,56916.4
124,SimYear,2009,20,0.0804,719495,54367.4
125,SimYear,2009,21,0.0604,795939,45627.9
126,SimYear,2009,22,0.0884,897675,74289.2
127,SimYear,2009,23,0.0736,985430,68391.9
128,SimYear,2009,24,0.086,1.09309e+06,88108.6
129,SimYear,2009,25,0.0792,1.19193e+06,88774
130,SimYear,2009,26,0.0668,1.29841e+06,82061.4
131,SimYear,2009,27,0.0636,1.41654e+06,85372.5
132,SimYear,2009,28,0.056,1.53203e+06,81603.1
133,SimYear,2009,29,0.0496,1.64805e+06,77995.7
134,SimYear,2009,30,0.0404,1.76054e+06,68173.4
135,SimYear,2009,31,0.0348,1.87244e+06,62628.8
136,SimYear,2009,32,0.0344,1.97649e+06,65362.2
137,SimYear,2009,33,0.0296,2.06206e+06,58815.8
138,SimYear,2009,34,0.0256,2.13731e+06,52828.3
139,SimYear,2009,35,0.0216,2.20108e+06,45994.7
140,SimYear,2009,36,0.0176,2.2543e+06,38459.4
141,SimYear,2009,37,0.02,2.29826e+06,44503.2
142,SimYear,2009,38,0.012,2.32005e+06,27062
143,SimYear,2009,39,0.01,2.34489e+06,22815.7
144,SimYear,2009,40,0.0076,2.36061e+06,17477
145,SimYear,2009,41,0.01,2.3697e+06,23057.1
146,SimYear,2009,42,0.008,2.36243e+06,18407.4
147,SimYear,2009,43,0.006,2.35059e+06,13749.9
148,SimYear,2009,44,0.0092,2.33537e+06,20913.5
149,SimYear,2009,45,0.0184,2.30593e+06,41112.1
150,SimYear,2009,46,0.0236,2.25035e+06,51327.6
151,SimYear,2009,47,0.034,2.18002e+06,71268.6
152,SimYear,2009,48,0.0396,2.08632e+06,79220.2
153,SimYear,2009,49,0.0572,1.98256e+06,107800
154,SimYear,2009,50,0.0492,1.84904e+06,86819.2
155,SimYear,2009,51,0.054,1.73675e+06,89291.5
156,SimYear,2009,52,0.052,1.62242e+06,80403.4
157,SimYear,2010,1,0.062,1.52088e+06,89425.2
158,SimYear,2010,2,0.0624,1.41184e+06,83533
159,SimYear,2010,3,0.0644,1.31093e+06,79970
160,SimYear,2010,4,0.0584,1.21619e+06,67476.8
161,SimYear,2010,5,0.0736,1.13693e+06,78906.7
162,SimYear,2010,6,0.0764,1.04951e+06,75506.9
163,SimYear,2010,7,0.0788,969564,71861.6
164,SimYear,2010,8,0.0496,897854,42492
165,SimYear,2010,9,0.0648,860658,52817.9
166,SimYear,2010,10,0.076,818437,58585.3
167,SimYear,2010,11,0.0708,776902,51939.4
168,SimYear,2010,12,0.096,749668,67124.7
169,SimYear,2010,13,0.0956,715935,63849.6
170,SimYear,2010,14,0.09,695882,58585.9
171,SimYear,2010,15,0.1016,692981,65489.2
172,SimYear,2010,16,0.0892,696500,58139.4
173,SimYear,2010,17,0.0864,722626,58506.9
174,SimYear,2010,18,0.0756,765114,54490.8
175,SimYear,2010,19,0.092,829912,71352.6
176,SimYear,2010,20,0.0804,896781,67763.7
177,SimYear,2010,21,0.0604,987275,56596.4
178,SimYear,2010,22,0.0884,1.10913e+06,91789.1
179,SimYear,2010,23,0.0736,1.21372e+06,84235.7
180,SimYear,2010,24,0.086,1.34295e+06,108249
181,SimYear,2010,25,0.0792,1.46148e+06,108850
182,SimYear,2010,26,0.0668,1.58956e+06,100462
183,SimYear,2010,27,0.0636,1.73208e+06,104389
184,SimYear,2010,28,0.056,1.87151e+06,99685.7
185,SimYear,2010,29,0.0496,2.01175e+06,95208.5
186,SimYear,2010,30,0.0404,2.14783e+06,83170.3
187,SimYear,2010,31,0.0348,2.2833e+06,76371
188,SimYear,2010,32,0.0344,2.40931e+06,79675.2
189,SimYear,2010,33,0.0296,2.51288e+06,71674.4
190,SimYear,2010,34,0.0256,2.60396e+06,64362.7
191,SimYear,2010,35,0.0216,2.68114e+06,56026.3
192,SimYear,2010,36,0.0176,2.74554e+06,46840.1
193,SimYear,2010,37,0.02,2.7987e+06,54193.7
194,SimYear,2010,38,0.012,2.82493e+06,32951.1
195,SimYear,2010,39,0.01,2.8549e+06,27778.1
196,SimYear,2010,40,0.0076,2.87381e+06,21276.5
197,SimYear,2010,41,0.01,2.88467e+06,28067.8
198,SimYear,2010,42,0.008,2.87565e+06,22406.2
199,SimYear,2010,43,0.006,2.86108e+06,16736.1
200,SimYear,2010,44,0.0092,2.84242e+06,25454.2
201,SimYear,2010,45,0.0184,2.80648e+06,50036.3
202,SimYear,2010,46,0.0236,2.73873e+06,62466.8
203,SimYear,2010,47,0.034,2.65305e+06,86732.5
204,SimYear,2010,48,0.0396,2.53894e+06,96406.4
205,SimYear,2010,49,0.0572,2.41259e+06,131182
206,SimYear,2010,50,0.0492,2.25004e+06,105648
207,SimYear,2010,51,0.054,2.11334e+06,108653
208,SimYear,2010,52,0.052,1.97418e+06,97835.7
