1 SimYear 2007 1 1058.3296364409 102 0
2 SimYear 2007 2 1161.56865831659 114 0
3 SimYear 2007 3 2632.77440695542 294 0
4 SimYear 2007 4 5188.35495117729 625 0
5 SimYear 2007 5 7611.16141117811 643 0
6 SimYear 2007 6 19191.1764769233 795 0
7 SimYear 2007 7 35209.1933857131 860 0
8 SimYear 2007 8 43287.3471434788 967 0
9 SimYear 2007 9 33351.929369768 915 0
10 SimYear 2007 10 20013.4393356691 809 0
11 SimYear 2007 11 9660.57414910366 573 0
12 SimYear 2007 12 4225.19939597455 334 0
13 SimYear 2008 1 1088.44022305482 102 0
14 SimYear 2008 2 1095.10242425582 114 0
15 SimYear 2008 3 2570.95546735637 294 0
16 SimYear 2008 4 5157.9325832905 625 0
17 SimYear 2008 5 7865.37583186636 643 0
18 SimYear 2008 6 19265.8197737985 795 0
19 SimYear 2008 7 30405.0196794661 860 0
20 SimYear 2008 8 44153.5497467494 967 0
21 SimYear 2008 9 34979.6942971997 915 0
22 SimYear 2008 10 19787.5036522037 809 0
23 SimYear 2008 11 9331.66832541467 573 0
24 SimYear 2008 12 4280.8189794954 334 0
25 SimYear 2009 1 1087.76050284494 102 0
26 SimYear 2009 2 1085.04016271447 114 0
27 SimYear 2009 3 2572.79774949237 294 0
28 SimYear 2009 4 4997.79597130378 625 0
29 SimYear 2009 5 8159.64409629606 643 0
30 SimYear 2009 6 18452.911372576 795 0
31 SimYear 2009 7 35134.3206095802 860 0
32 SimYear 2009 8 40458.7607544931 967 0
33 SimYear 2009 9 31978.7615095251 915 0
34 SimYear 2009 10 19489.6661331485 809 0
35 SimYear 2009 11 9482.43006872165 573 0
36 SimYear 2009 12 4063.69303045614 334 0
37 SimYear 2010 1 1035.89154377245 102 0
38 SimYear 2010 2 1112.16531334832 114 0
39 SimYear 2010 3 2526.69658313195 294 0
40 SimYear 2010 4 5400.56947671639 625 0
41 SimYear 2010 5 7449.11794432852 643 0
42 SimYear 2010 6 17779.2505012414 795 0
43 SimYear 2010 7 34101.3073798731 860 0
44 SimYear 2010 8 43581.9480155828 967 0
45 SimYear 2010 9 34067.6350384622 915 0
46 SimYear 2010 10 20754.3089636847 809 0
47 SimYear 2010 11 9650.44163402381 573 0
48 SimYear 2010 12 4135.46570356738 334 0
