1 BiologicalYear 1990 1 795 141 0
2 BiologicalYear 1990 2 1132.4 221 0
3 BiologicalYear 1990 3 1889 312 0
4 BiologicalYear 1990 4 3247.4 483 0
5 BiologicalYear 1990 5 2275.5 480 0
6 BiologicalYear 1990 6 2723.5 417 0
7 BiologicalYear 1990 7 5096.5 534 0
8 BiologicalYear 1990 8 18435.5 850 0
9 BiologicalYear 1990 9 22928.5 889 0
10 BiologicalYear 1990 10 14943.5 795 0
11 BiologicalYear 1990 11 8174 647 0
12 BiologicalYear 1990 12 876 154 0
13 BiologicalYear 1991 1 780 161 0
14 BiologicalYear 1991 2 848 142 0
15 BiologicalYear 1991 3 1647 274 0
16 BiologicalYear 1991 4 3239.5 530 0
17 BiologicalYear 1991 5 3558 446 0
18 BiologicalYear 1991 6 2862 418 0
19 BiologicalYear 1991 7 7789.5 756 0
20 BiologicalYear 1991 8 14645 823 0
21 BiologicalYear 1991 9 19582 984 0
22 BiologicalYear 1991 10 14604 819 0
23 BiologicalYear 1991 11 5391.5 501 0
24 BiologicalYear 1991 12 2432.5 287 0
25 BiologicalYear 1992 1 1326 202 0
26 BiologicalYear 1992 2 1067 204 0
27 BiologicalYear 1992 3 2290 430 0
28 BiologicalYear 1992 4 4125.5 683 0
29 BiologicalYear 1992 5 3851 646 0
30 BiologicalYear 1992 6 2997.5 500 0
31 BiologicalYear 1992 7 11988 769 0
32 BiologicalYear 1992 8 20133.299999 833 0
33 BiologicalYear 1992 9 19624.8 861 0
34 BiologicalYear 1992 10 9753.3 646 0
35 BiologicalYear 1992 11 5014.3 369 0
36 BiologicalYear 1992 12 1528.3 168 0
37 BiologicalYear 1993 1 1977.9 177 0
38 BiologicalYear 1993 2 1847.8 239 0
39 BiologicalYear 1993 3 2545.8 417 0
40 BiologicalYear 1993 4 2822.8 542 0
41 BiologicalYear 1993 5 4115.4 528 0
42 BiologicalYear 1993 6 3311.300001 492 0
43 BiologicalYear 1993 7 10035.300001 682 0
44 BiologicalYear 1993 8 33347.79999 943 0
45 BiologicalYear 1993 9 19286.740003 952 0
46 BiologicalYear 1993 10 8368.100001 620 0
47 BiologicalYear 1993 11 3907.600001 429 0
48 BiologicalYear 1993 12 2034.4 296 0
49 BiologicalYear 1994 1 689.9 179 0
50 BiologicalYear 1994 2 1354.9 277 0
51 BiologicalYear 1994 3 2237.3 427 0
52 BiologicalYear 1994 4 3180 577 0
53 BiologicalYear 1994 5 3564.2 648 0
54 BiologicalYear 1994 6 4000.3 483 0
55 BiologicalYear 1994 7 10387.1 705 0
56 BiologicalYear 1994 8 20410.800001 815 0
57 BiologicalYear 1994 9 22563.799999 846 0
58 BiologicalYear 1994 10 9645.9 537 0
59 BiologicalYear 1994 11 4791.5 388 0
60 BiologicalYear 1994 12 1997 238 0
61 BiologicalYear 1995 1 627.5 130 0
62 BiologicalYear 1995 2 1403 228 0
63 BiologicalYear 1995 3 2247.5 352 0
64 BiologicalYear 1995 4 3612.7 650 0
65 BiologicalYear 1995 5 3669.499999 616 0
66 BiologicalYear 1995 6 4703.2 497 0
67 BiologicalYear 1995 7 11056.2 706 0
68 BiologicalYear 1995 8 23913.199999 749 0
69 BiologicalYear 1995 9 22953.800003 923 0
70 BiologicalYear 1995 10 15518.800004 704 0
71 BiologicalYear 1995 11 9485.200003 572 0
72 BiologicalYear 1995 12 3557.799998 279 0
73 BiologicalYear 1996 1 1554.4 159 0
74 BiologicalYear 1996 2 2402.8 243 0
75 BiologicalYear 1996 3 4793.400002 443 0
76 BiologicalYear 1996 4 5440.650001 537 0
77 BiologicalYear 1996 5 5479.899996 586 0
78 BiologicalYear 1996 6 5842.5 586 0
79 BiologicalYear 1996 7 17961.699999 916 0
80 BiologicalYear 1996 8 44202.899994 1064 0
81 BiologicalYear 1996 9 34141 1003 0
82 BiologicalYear 1996 10 19365.5 840 0
83 BiologicalYear 1996 11 6602 492 0
84 BiologicalYear 1996 12 1984.699997 212 0
85 BiologicalYear 1997 1 960 160 0
86 BiologicalYear 1997 2 1381 211 0
87 BiologicalYear 1997 3 2263 358 0
88 BiologicalYear 1997 4 3073.4 519 0
89 BiologicalYear 1997 5 2377 447 0
90 BiologicalYear 1997 6 2449 519 0
91 BiologicalYear 1997 7 3094.5 507 0
92 BiologicalYear 1997 8 6778.3 694 0
93 BiologicalYear 1997 9 15608 936 0
94 BiologicalYear 1997 10 11349.5 795 0
95 BiologicalYear 1997 11 3600 452 0
96 BiologicalYear 1997 12 1387 233 0
97 BiologicalYear 1998 1 1085 232 0
98 BiologicalYear 1998 2 942 225 0
99 BiologicalYear 1998 3 2428.5 458 0
100 BiologicalYear 1998 4 3884.899999 668 0
101 BiologicalYear 1998 5 2965.55 649 0
102 BiologicalYear 1998 6 4558.75 752 0
103 BiologicalYear 1998 7 12601.269999 927 0
104 BiologicalYear 1998 8 29310.705007 1120 0
105 BiologicalYear 1998 9 35455.710008 1255 0
106 BiologicalYear 1998 10 19220.949998 893 0
107 BiologicalYear 1998 11 6717.480004 470 0
108 BiologicalYear 1998 12 3570.3 325 0
109 BiologicalYear 1999 1 651.2 116 0
110 BiologicalYear 1999 2 1619.200001 249 0
111 BiologicalYear 1999 3 4572.92 519 0
112 BiologicalYear 1999 4 6119.179999 735 0
113 BiologicalYear 1999 5 4518.39 687 0
114 BiologicalYear 1999 6 10269.069998 943 0
115 BiologicalYear 1999 7 24465.7 1194 0
116 BiologicalYear 1999 8 42071.549998 1146 0
117 BiologicalYear 1999 9 47709.249985 1302 0
118 BiologicalYear 1999 10 19340.300009 781 0
119 BiologicalYear 1999 11 7685 538 0
120 BiologicalYear 1999 12 2720.4 310 0
121 BiologicalYear 2000 1 1140.499999 182 0
122 BiologicalYear 2000 2 2171.5 341 0
123 BiologicalYear 2000 3 4464.8 585 0
124 BiologicalYear 2000 4 6572.4 794 0
125 BiologicalYear 2000 5 5072.799998 785 0
126 BiologicalYear 2000 6 5068.900003 758 0
127 BiologicalYear 2000 7 9049.500003 814 0
128 BiologicalYear 2000 8 15913.3 964 0
129 BiologicalYear 2000 9 19316.500009 1194 0
130 BiologicalYear 2000 10 13593.900003 988 0
131 BiologicalYear 2000 11 7792.799998 870 0
132 BiologicalYear 2000 12 1942.2 335 0
133 BiologicalYear 2001 1 964.8 190 0
134 BiologicalYear 2001 2 790.6 185 0
135 BiologicalYear 2001 3 2412.9 458 0
136 BiologicalYear 2001 4 4077.6 679 0
137 BiologicalYear 2001 5 4644.599998 761 0
138 BiologicalYear 2001 6 3878.299999 547 0
139 BiologicalYear 2001 7 7516.3 534 0
140 BiologicalYear 2001 8 31908.7 756 0
141 BiologicalYear 2001 9 39670.199989 874 0
142 BiologicalYear 2001 10 27506.7 822 0
143 BiologicalYear 2001 11 12776.099999 624 0
144 BiologicalYear 2001 12 4786.3 312 0
145 BiologicalYear 2002 1 1177.8 117 0
146 BiologicalYear 2002 2 1071 114 0
147 BiologicalYear 2002 3 2376.8 254 0
148 BiologicalYear 2002 4 7050.1 580 0
149 BiologicalYear 2002 5 6278.3 618 0
150 BiologicalYear 2002 6 7821.3 663 0
151 BiologicalYear 2002 7 19378.300002 941 0
152 BiologicalYear 2002 8 35406.699998 984 0
153 BiologicalYear 2002 9 44981.600004 933 0
154 BiologicalYear 2002 10 30752.299997 881 0
155 BiologicalYear 2002 11 9694.627001 525 0
156 BiologicalYear 2002 12 917.6 80 0
157 BiologicalYear 2003 1 715.700001 53 0
158 BiologicalYear 2003 2 855.9 85 0
159 BiologicalYear 2003 3 3867.799998 359 0
160 BiologicalYear 2003 4 6753.3 612 0
161 BiologicalYear 2003 5 6663.700002 702 0
162 BiologicalYear 2003 6 9430.4 744 0
163 BiologicalYear 2003 7 21747.500002 920 0
164 BiologicalYear 2003 8 30690.799995 864 0
165 BiologicalYear 2003 9 39412.799989 1060 0
166 BiologicalYear 2003 10 16098.799999 697 0
167 BiologicalYear 2003 11 7004.800003 381 0
168 BiologicalYear 2003 12 2926.800001 189 0
169 BiologicalYear 2004 1 1136.900001 102 0
170 BiologicalYear 2004 2 990.999997 114 0
171 BiologicalYear 2004 3 2806.399997 294 0
172 BiologicalYear 2004 4 6729.599997 625 0
173 BiologicalYear 2004 5 8137.700001 643 0
174 BiologicalYear 2004 6 15532.099999 795 0
175 BiologicalYear 2004 7 30482.599996 860 0
176 BiologicalYear 2004 8 57576.300005 967 0
177 BiologicalYear 2004 9 57735.299994 915 0
178 BiologicalYear 2004 10 33168.300005 809 0
179 BiologicalYear 2004 11 14067.499999 573 0
180 BiologicalYear 2004 12 5510 334 0
181 BiologicalYear 2005 1 1924 161 0
182 BiologicalYear 2005 2 930 87 0
183 BiologicalYear 2005 3 4131.5 271 0
184 BiologicalYear 2005 4 8627.1 566 0
185 BiologicalYear 2005 5 6970.800001 656 0
186 BiologicalYear 2005 6 8696.499997 665 0
187 BiologicalYear 2005 7 18705.399999 744 0
188 BiologicalYear 2005 8 34533.100002 828 0
189 BiologicalYear 2005 9 35815.2 875 0
190 BiologicalYear 2005 10 15517.300001 525 0
191 BiologicalYear 2005 11 10312 425 0
192 BiologicalYear 2005 12 4678.5 245 0
193 BiologicalYear 2006 1 804 80 0
194 BiologicalYear 2006 2 912.8 64 0
195 BiologicalYear 2006 3 3616.7 226 0
196 BiologicalYear 2006 4 7425.1 451 0
197 BiologicalYear 2006 5 8042.7 615 0
198 BiologicalYear 2006 6 15001.70001 595 0
199 BiologicalYear 2006 7 60610.199994 890 0
200 BiologicalYear 2006 8 75653.800002 832 0
201 BiologicalYear 2006 9 45241 766 0
202 BiologicalYear 2006 10 27372.8 651 0
203 BiologicalYear 2006 11 15791.9 471 0
204 BiologicalYear 2006 12 3521 154 0
205 BiologicalYear 2007 1 1185 42 0
206 BiologicalYear 2007 2 2133.1 109 0
207 BiologicalYear 2007 3 5936.4 251 0
208 BiologicalYear 2007 4 9884.6 522 0
209 BiologicalYear 2007 5 7289.44 522 0
210 BiologicalYear 2007 6 8296.5 536 0
211 BiologicalYear 2007 7 22419.25 697 0
212 BiologicalYear 2007 8 40516.6 673 0
213 BiologicalYear 2007 9 54640.8 719 0
214 BiologicalYear 2007 10 32666.2 608 0
215 BiologicalYear 2007 11 17335 474 0
216 BiologicalYear 2007 12 3688.5 133 0
217 BiologicalYear 2008 1 595 25 0
218 BiologicalYear 2008 2 505 50 0
219 BiologicalYear 2008 3 3039.1 152 0
220 BiologicalYear 2008 4 7847.5 384 0
221 BiologicalYear 2008 5 6995.2 503 0
222 BiologicalYear 2008 6 6317.5 401 0
223 BiologicalYear 2008 7 17297.8 483 0
224 BiologicalYear 2008 8 42163.3 604 0
225 BiologicalYear 2008 9 28568.1 597 0
226 BiologicalYear 2008 10 5813.2 202 0
227 BiologicalYear 2008 11 1091 63 0
228 BiologicalYear 2008 12 204 25 0
229 BiologicalYear 2009 1 173.3 21 0
230 BiologicalYear 2009 2 176.5 28 0
231 BiologicalYear 2009 3 2271.3 139 0
232 BiologicalYear 2009 4 9233.8 373 0
233 BiologicalYear 2009 5 8718.8 373 0
234 BiologicalYear 2009 6 9234.7 412 0
235 BiologicalYear 2009 7 19131 469 0
236 BiologicalYear 2009 8 53357.8 543 0
237 BiologicalYear 2009 9 46163 529 0
238 BiologicalYear 2009 10 23958.6 446 0
239 BiologicalYear 2009 11 7059.1 238 0
240 BiologicalYear 2009 12 1468.1 97 0
241 BiologicalYear 2010 1 468.5 61 0
242 BiologicalYear 2010 2 802.5 94 0
243 BiologicalYear 2010 3 4862.7 197 0
244 BiologicalYear 2010 4 4299 221 0
245 BiologicalYear 2010 5 3984.5 226 0
246 BiologicalYear 2010 6 5555.6 342 0
247 BiologicalYear 2010 7 10198.7 374 0
248 BiologicalYear 2010 8 33568.6 445 0
249 BiologicalYear 2010 9 62820.9 594 0
250 BiologicalYear 2010 10 29260.7 488 0
251 BiologicalYear 2010 11 13601.1 288 0
252 BiologicalYear 2010 12 2976.3 102 0
