1 98419.068698883 155
2 96352.1489191782 156
3 95198.0699249585 161
4 81937.9805407584 146
5 99095.8788213902 184
6 100467.552110457 191
7 97838.0991336322 197
8 60046.5058997172 124
9 74040.2032150735 162
10 80502.2255060975 190
11 72032.7073518679 177
12 94081.6686524254 240
13 94685.4306664926 239
14 83961.0420162885 225
15 86252.3531681777 254
16 73216.8789204894 223
17 70606.2212032966 216
18 59703.7579837428 189
19 74000.5140966393 230
20 65068.0317220376 201
21 54861.0185736716 151
22 85401.3389082926 221
23 81258.5035644854 184
24 111158.452623359 215
25 119200.926221265 198
26 114636.943505375 167
27 119240.394364107 159
28 121496.694688854 140
29 117631.241899633 124
30 103284.255331468 101
31 93519.8320818466 87
32 93294.474713817 86
33 83136.9223955277 74
34 70835.5523041083 64
35 60621.9927636776 54
36 48872.6578033332 44
37 54890.7634829443 50
38 32343.7793996908 30
39 26849.4296368502 25
40 19858.4619261081 19
41 25119.0514612646 25
42 19986.7823716214 20
43 14675.7389858575 15
44 21649.6095131632 23
45 42636.5474666822 46
46 52815.7600962573 59
47 74862.6596736393 85
48 81477.7747794836 99
49 116115.759436778 143
50 96334.392661673 123
51 100091.008862721 135
52 93703.4466536627 130
53 108079.288660921 155
54 105587.808582755 156
55 105359.443780436 161
56 90671.0463414776 146
57 107199.363532162 184
58 107292.511160977 191
59 106037.712173969 197
60 65359.2950508626 124
61 79064.2916642503 162
62 89797.4890333951 190
63 81772.3035022767 177
64 103218.012081816 240
65 98508.8027282399 239
66 90915.9537452407 225
67 97139.5605494185 254
68 78850.7156929879 223
69 76006.2723936171 216
70 63794.0407720843 189
71 78789.7592918727 230
72 69390.168864346 201
73 56826.6043775613 151
74 91885.379885873 221
75 83097.073262809 184
76 113984.37696825 215
77 121143.111928184 198
78 115797.374935407 167
79 126290.028398922 159
80 122420.991763787 140
81 118391.320607966 124
82 104050.365250964 101
83 91256.3835751031 87
84 95322.5837674667 86
85 79126.2926977632 74
86 72190.1585567016 64
87 58968.7475119085 54
88 49156.9614539842 44
89 54866.5855772241 50
90 32131.3428412226 30
91 26759.597647934 25
92 19525.8874997094 19
93 25116.569615848 25
94 20123.1969797325 20
95 14271.3794246036 15
96 22048.5672174132 23
97 42569.0938119829 46
98 52107.7455768542 59
99 72773.22024987 85
100 82826.8792523713 99
101 117076.408335262 143
102 94487.0178990188 123
103 104822.251282662 135
104 95196.8480457848 130
105 108284.728503158 155
106 106153.902041191 156
107 104260.945293222 161
108 90372.4130918918 146
109 107904.387997441 184
110 106186.897810141 191
111 108994.340564499 197
112 64218.5953608886 124
113 79577.2816046472 162
114 90899.5395384405 190
115 81309.162171382 177
116 107556.563382959 240
117 97507.2972018713 239
118 90595.6200006489 225
119 95747.4041053231 254
120 80059.8762373634 223
121 76101.6756342637 216
122 65896.1358165398 189
123 78529.3465772637 230
124 70219.4680537535 201
125 57048.0233991593 151
126 91456.6465445062 221
127 84917.3739259485 184
128 114110.493708297 215
129 121139.339289254 198
130 117724.847084982 167
131 126949.742262517 159
132 125688.131218754 140
133 121484.183755925 124
134 102964.23219918 101
135 93682.045804976 87
136 94201.9307200025 86
137 82024.5640444588 74
138 70366.7306326648 64
139 60016.7927969348 54
140 48100.9736103647 44
141 55306.2802672517 50
142 32390.7180827726 30
143 26517.4075549973 25
144 19306.0560566811 19
145 25500.3764143341 25
146 19870.9105453771 20
147 14690.4356479229 15
148 22098.3979797784 23
149 41753.8686017322 46
150 52551.7274739192 59
151 73892.4924067655 85
152 85228.8176685356 99
153 118443.604939163 143
154 95436.568224144 123
155 101322.592795775 135
156 94340.9447640151 130
157 106476.992898807 155
158 106517.91270508 156
159 105150.226658553 161
160 91617.146022487 146
161 108258.981266678 184
162 111331.291436803 191
163 106697.750218027 197
164 64444.070523528 124
165 81769.9256871157 162
166 90446.9215104099 190
167 80929.8914496426 177
168 102443.678299882 240
169 98247.2361493573 239
170 87147.702803334 225
171 94376.4498773732 254
172 79164.5041430112 223
173 76724.9665596287 216
174 64630.6958193853 189
175 78212.7023120907 230
176 70199.1237072812 201
177 55553.900844722 151
178 90297.5375232399 221
179 84655.1196086215 184
180 113428.799998564 215
181 121326.906643763 198
182 119504.151951536 167
183 125545.036788064 159
184 124171.900108867 140
185 116920.99081753 124
186 102638.115123634 101
187 93123.6391899542 87
188 93264.58515597 86
189 83205.6739881826 74
190 71425.7248646559 64
191 60706.6882084396 54
192 49034.296914508 44
193 55314.9973665662 50
194 32767.4776181933 30
195 26231.4519608206 25
196 19117.6143109437 19
197 25579.1632266977 25
198 19756.2192020017 20
199 14300.5360746513 15
200 21903.961645569 23
201 43290.6290899972 46
202 52999.0454898371 59
203 74227.5442628756 85
204 83885.0261125993 99
205 120390.758843195 143
206 96406.0832304056 123
207 105771.202325393 135
208 95554.9543190673 130
209 108221.969159044 155
210 106370.550224912 156
211 105549.197613364 161
212 89720.2297554388 146
213 110988.471189736 184
214 106733.379049465 191
215 107432.743211101 197
216 63792.1891313036 124
217 81291.7869160682 162
218 90350.2370931785 190
219 79453.8428860484 177
220 105188.646895388 240
221 99749.0140465948 239
222 89917.5591701843 225
223 93999.2271121995 254
224 81925.6565509232 223
225 76765.0824268891 216
226 63882.4610597745 189
227 79569.6692530898 230
228 69454.7654955169 201
229 56720.1205885692 151
230 87945.6167722139 221
231 85878.9010177185 184
232 110687.249090557 215
233 120776.095630776 198
234 118172.14091378 167
235 126573.902010136 159
236 126825.1506247 140
237 120881.88605934 124
238 101778.400597789 101
239 93366.654071185 87
240 93660.7111205885 86
241 82457.1640793522 74
242 72100.5712586052 64
243 59070.5256832215 54
244 48756.0170987588 44
245 54745.8447436743 50
246 31340.3831642028 30
247 26766.8401480647 25
248 20059.0252403493 19
249 25252.6024754498 25
250 20142.239296441 20
251 14520.0011353943 15
252 21273.3469082445 23
253 42991.8443965792 46
254 54000.5444563302 59
255 74116.4502025628 85
256 83849.6788714903 99
257 117764.494200943 143
258 97150.7895580343 123
259 102481.732400953 135
260 92707.5160406877 130
261 108659.206508503 155
262 103922.0020768 156
263 101791.805070134 161
264 93301.4553697485 146
265 111751.73977867 184
266 108956.514807928 191
267 106662.155126578 197
268 65704.8318286867 124
269 81065.5685024252 162
270 91458.3705055747 190
271 79253.8878185905 177
272 105616.654810841 240
273 97572.977761657 239
274 90634.1930134653 225
275 95045.1220441991 254
276 81242.174948122 223
277 76914.2798338085 216
278 66004.0197037374 189
279 78905.4799467548 230
280 71043.7862987913 201
281 56600.2227449555 151
282 90858.5087189576 221
283 83606.3441625212 184
284 111035.297662817 215
285 121622.228813511 198
286 117281.042797355 167
287 124778.913009965 159
288 123970.190923393 140
289 121718.886471479 124
290 103801.936148135 101
291 91468.0379591 87
292 93804.7052419072 86
293 81487.9685612696 74
294 71070.6051100029 64
295 60035.5477961429 54
296 48615.6102247149 44
297 55468.1789924927 50
298 32891.9007208286 30
299 26127.8806428629 25
300 19671.0428811871 19
301 25659.3428584239 25
302 20318.1116425595 20
303 14718.1990327195 15
304 22110.8604883256 23
305 41958.2918027582 46
306 53973.3911430963 59
307 74806.9687452401 85
308 83425.0240018882 99
309 116926.641487407 143
310 94497.9420261498 123
311 100384.068188381 135
312 94800.1047153985 130
313 110474.069168225 155
314 104326.420273253 156
315 103006.118939606 161
316 88009.4448739633 146
317 105688.81837631 184
318 104667.15228422 191
319 106112.768031515 197
320 65900.3591753738 124
321 82682.5128227914 162
322 90414.4693978019 190
323 81267.6146920163 177
324 104639.668583041 240
325 97624.2878767692 239
326 87928.2706986289 225
327 96557.324322469 254
328 80573.4393132479 223
329 75732.5891128863 216
330 64416.7196196129 189
331 77922.491894471 230
332 71813.097927975 201
333 55837.1935842781 151
334 90022.2610898752 221
335 84040.947222814 184
336 116308.916729209 215
337 121423.663097748 198
338 118161.536854412 167
339 127009.122716612 159
340 119410.399194981 140
341 120443.314839045 124
342 101228.412202556 101
343 91592.0078845687 87
344 92600.8013859779 86
345 82212.1711237808 74
346 72905.3661712588 64
347 60820.2451177013 54
348 48286.0359021301 44
349 53856.3812876571 50
350 32137.8460389215 30
351 26526.2527191003 25
352 19815.6826648473 19
353 26067.966590475 25
354 19741.7307052317 20
355 14685.308220346 15
356 21413.8152414419 23
357 42627.0689995108 46
358 53157.3029748237 59
359 73794.2632408552 85
360 83774.7946009943 99
361 115987.609130927 143
362 96492.7790478154 123
363 102725.567201203 135
364 95256.6340382995 130
365 108251.330716905 155
366 105188.75212823 156
367 104147.377620496 161
368 89724.7221700961 146
369 109203.019187343 184
370 108487.338257991 191
371 106531.000358176 197
372 63467.7481748173 124
373 78860.0934547775 162
374 90567.692766069 190
375 81377.8006528677 177
376 102502.630603809 240
377 98739.9164970396 239
378 89335.7993605674 225
379 96081.3829899658 254
380 81023.0013650165 223
381 74715.7299773632 216
382 64089.9344748784 189
383 79930.5508280809 230
384 72296.1362026184 201
385 56413.4266297122 151
386 89954.6457090454 221
387 82815.4042233223 184
388 116622.603199852 215
389 120624.632396924 198
390 118978.742093649 167
391 129363.798470661 159
392 124869.429513979 140
393 116641.516647241 124
394 100689.922866832 101
395 90623.0012647327 87
396 92465.1109292058 86
397 82856.0145693411 74
398 71748.3106199068 64
399 61156.0354813373 54
400 48928.8735900438 44
401 54448.0655113075 50
402 31903.4095328317 30
403 26199.5084235723 25
404 19680.9460141957 19
405 25000.1344525984 25
406 20023.7756031997 20
407 14262.399624661 15
408 21990.235955739 23
409 42925.6754446549 46
410 52563.9753153092 59
411 74531.9661242099 85
412 84336.2816442712 99
413 115620.113065384 143
414 96784.9150825928 123
415 101499.063692719 135
416 95158.6904560496 130
417 109615.771244862 155
418 105730.864308115 156
419 105321.10891747 161
420 89906.9681649462 146
421 113046.728531227 184
422 108400.613633381 191
423 110411.814944603 197
424 64648.2058354736 124
425 77754.3711210447 162
426 91534.2662012711 190
427 80342.6610492873 177
428 102550.36225779 240
429 96813.9512256449 239
430 86298.148701098 225
431 95662.0679777139 254
432 81560.5649004794 223
433 74998.0117096338 216
434 66504.5809058886 189
435 77124.6427151389 230
436 69575.6207050594 201
437 56393.5841055613 151
438 89198.0125713658 221
439 83755.6219143374 184
440 114341.86834498 215
441 119748.75934515 198
442 114707.593589112 167
443 125711.628196042 159
444 121037.643957906 140
445 116627.071966311 124
446 102819.287269389 101
447 92525.594520255 87
448 95483.9055806756 86
449 81791.2603568335 74
450 68984.1908892374 64
451 59491.4309172536 54
452 49025.833203045 44
453 54577.751186782 50
454 32896.0557165339 30
455 27121.4321251273 25
456 19792.2610051844 19
457 25000.8800219531 25
458 19610.9129395779 20
459 14967.8827796891 15
460 21350.9519130337 23
461 42429.8841864091 46
462 53820.9963668555 59
463 72371.9311604539 85
464 84049.1065666527 99
465 117404.934195105 143
466 98264.6399770221 123
467 102003.347035987 135
468 93939.8866986879 130
