20.5 6.4405246198837 0.259077861037334
21.5 7.39301828240576 0.292974271297016
22.5 8.43407612930024 0.279317376542091
23.5 9.71732499500754 0.327390882250454
24.5 10.7911005816243 0.32593103924975
25.5 12.5747368084460 0.511523264427917
26.5 14.0837455223931 0.4992774522172
27.5 15.5856707265686 0.479980375602986
28.5 17.4409969224395 0.653617941222609
29.5 19.1364034939658 0.56693970997265
30.5 21.3620955839931 0.653501811848555
31.5 23.7609763831599 0.564557012100571
32.5 25.7803475451349 0.653887054522922
33.5 28.2202367365313 0.707135830017602
34.5 30.8307408682679 0.825815879414681
35.5 33.4068440279646 0.95682722931366
36.5 36.2609203963456 0.845912374686233
37.5 39.4526883137773 0.811352003840424
38.5 42.6450492310234 1.11405949284735
39.5 46.0455629562942 1.046343722763
40.5 50.2127880227261 1.34703134919987
41.5 53.6385682646714 1.18947194207409
42.5 57.309426870366 1.29154372009000
43.5 61.3217885875989 1.25095741313394
44.5 66.0711450491413 1.17621362673153
45.5 70.489123067338 1.56247768984841
46.5 75.4013874365955 1.28883814165350
47.5 80.2554612751778 1.47305342616202
48.5 85.651051702695 1.24150634056051
49.5 90.3547718893125 1.33170092645454
50.5 96.7329078227074 1.48495090622290
51.5 102.373886524991 1.91446494206432
52.5 108.214270122524 1.44804124210457
53.5 115.047107405492 1.42548406209668
54.5 121.821405830099 1.90069347624279
55.5 128.670427744953 2.09059562827427
56.5 134.983526973482 2.19515145356446
57.5 143.018002996649 2.28178466719677
58.5 150.934130641327 1.18648519884566
59.5 157.860482519361 2.50812571273816
60.5 165.822031605687 2.68450392553539
61.5 173.969746727778 1.9355902708168
62.5 182.964325058291 2.38167525638982
63.5 192.652426339302 2.37616880313276
64.5 201.095990930966 2.09891297947854
65.5 209.824344875909 3.18482171223026
66.5 220.152408225716 2.88971809882574
67.5 230.780828407052 3.56234203810413
68.5 241.812294372527 2.54731631158091
69.5 251.709856172692 3.00602798608228
70.5 261.208266626445 2.70214636912013
71.5 274.339635507018 1.88283576509251
72.5 286.087492508999 3.56357500238542
73.5 297.920999388126 4.02507242167926
74.5 310.017881578742 3.81734074682711
75.5 322.611724255747 3.17751365390615
76.5 337.059257310988 4.14969508552879
77.5 349.570821568896 3.29317221080936
78.5 362.69533981793 3.51286555299493
79.5 377.974812411643 3.63102430604831
