1 108839.674660259 155
2 105188.873874325 156
3 104158.623592577 161
4 90588.253478703 146
5 109367.01157686 184
6 108576.244906794 191
7 107020.477227784 197
8 64458.633722259 124
9 80629.4976960865 162
10 90372.5855653652 190
11 80415.1112062247 177
12 104024.376324921 240
13 98706.6598619721 239
14 88656.6768518566 225
15 95640.7015050087 254
16 80557.0784216209 223
17 75466.0215544131 216
18 64697.7353442147 189
19 78587.0217969848 230
20 70386.3155819372 201
21 56115.3369114712 151
22 90140.4638408583 221
23 84749.8126150453 184
24 113901.205510501 215
25 121236.29496683 198
26 117505.969142045 167
27 126657.277289436 159
28 123728.609393175 140
29 118970.733979586 124
30 103032.264236135 101
31 92633.1852961364 87
32 94067.0965060855 86
33 82105.3710479429 74
34 71355.3220181037 64
35 60076.522931746 54
36 48597.033220705 44
37 54598.1636617614 50
38 32292.7445611941 30
39 26474.564550322 25
40 19756.7920345943 19
41 25477.806969639 25
42 19942.5895077803 20
43 14616.3028880959 15
44 21870.2394314895 23
45 42598.3943997475 46
46 53102.2650752462 59
47 74203.9813673927 85
48 83662.461225591 99
49 116706.163423505 143
50 96801.7637605648 123
51 102391.79407754 135
52 94931.0737579054 130
53 108839.674660259 155
54 105188.873874325 156
55 104158.623592577 161
56 90588.253478703 146
57 109367.01157686 184
58 108576.244906794 191
59 107020.477227784 197
60 64458.633722259 124
61 80629.4976960865 162
62 90372.5855653652 190
63 80415.1112062247 177
64 104024.376324921 240
65 98706.6598619721 239
66 88656.6768518566 225
67 95640.7015050087 254
68 80557.0784216209 223
69 75466.0215544131 216
70 64697.7353442147 189
71 78587.0217969848 230
72 70386.3155819372 201
73 56115.3369114712 151
74 90140.4638408583 221
75 84749.8126150453 184
76 113901.205510501 215
77 121236.29496683 198
78 117505.969142045 167
79 126657.277289436 159
80 123728.609393175 140
81 118970.733979586 124
82 103032.264236135 101
83 92633.1852961364 87
84 94067.0965060855 86
85 82105.3710479429 74
86 71355.3220181037 64
87 60076.522931746 54
88 48597.033220705 44
89 54598.1636617614 50
90 32292.7445611941 30
91 26474.564550322 25
92 19756.7920345943 19
93 25477.806969639 25
94 19942.5895077803 20
95 14616.3028880959 15
96 21870.2394314895 23
97 42598.3943997475 46
98 53102.2650752462 59
99 74203.9813673927 85
100 83662.461225591 99
101 116706.163423505 143
102 96801.7637605648 123
103 102391.79407754 135
104 94931.0737579054 130
105 108839.674660259 155
106 105188.873874325 156
107 104158.623592577 161
108 90588.253478703 146
109 109367.01157686 184
110 108576.244906794 191
111 107020.477227784 197
112 64458.633722259 124
113 80629.4976960865 162
114 90372.5855653652 190
115 80415.1112062247 177
116 104024.376324921 240
117 98706.6598619721 239
118 88656.6768518566 225
119 95640.7015050087 254
120 80557.0784216209 223
121 75466.0215544131 216
122 64697.7353442147 189
123 78587.0217969848 230
124 70386.3155819372 201
125 56115.3369114712 151
126 90140.4638408583 221
127 84749.8126150453 184
128 113901.205510501 215
129 121236.29496683 198
130 117505.969142045 167
131 126657.277289436 159
132 123728.609393175 140
133 118970.733979586 124
134 103032.264236135 101
135 92633.1852961364 87
136 94067.0965060855 86
137 82105.3710479429 74
138 71355.3220181037 64
139 60076.522931746 54
140 48597.033220705 44
141 54598.1636617614 50
142 32292.7445611941 30
143 26474.564550322 25
144 19756.7920345943 19
145 25477.806969639 25
146 19942.5895077803 20
147 14616.3028880959 15
148 21870.2394314895 23
149 42598.3943997475 46
150 53102.2650752462 59
151 74203.9813673927 85
152 83662.461225591 99
153 116706.163423505 143
154 96801.7637605648 123
155 102391.79407754 135
156 94931.0737579054 130
157 108839.674660259 155
158 105188.873874325 156
159 104158.623592577 161
160 90588.253478703 146
161 109367.01157686 184
162 108576.244906794 191
163 107020.477227784 197
164 64458.633722259 124
165 80629.4976960865 162
166 90372.5855653652 190
167 80415.1112062247 177
168 104024.376324921 240
169 98706.6598619721 239
170 88656.6768518566 225
171 95640.7015050087 254
172 80557.0784216209 223
173 75466.0215544131 216
174 64697.7353442147 189
175 78587.0217969848 230
176 70386.3155819372 201
177 56115.3369114712 151
178 90140.4638408583 221
179 84749.8126150453 184
180 113901.205510501 215
181 121236.29496683 198
182 117505.969142045 167
183 126657.277289436 159
184 123728.609393175 140
185 118970.733979586 124
186 103032.264236135 101
187 92633.1852961364 87
188 94067.0965060855 86
189 82105.3710479429 74
190 71355.3220181037 64
191 60076.522931746 54
192 48597.033220705 44
193 54598.1636617614 50
194 32292.7445611941 30
195 26474.564550322 25
196 19756.7920345943 19
197 25477.806969639 25
198 19942.5895077803 20
199 14616.3028880959 15
200 21870.2394314895 23
201 42598.3943997475 46
202 53102.2650752462 59
203 74203.9813673927 85
204 83662.461225591 99
205 116706.163423505 143
206 96801.7637605648 123
207 102391.79407754 135
208 94931.0737579054 130
209 108839.674660259 155
210 105188.873874325 156
211 104158.623592577 161
212 90588.253478703 146
213 109367.01157686 184
214 108576.244906794 191
215 107020.477227784 197
216 64458.633722259 124
217 80629.4976960865 162
218 90372.5855653652 190
219 80415.1112062247 177
220 104024.376324921 240
221 98706.6598619721 239
222 88656.6768518566 225
223 95640.7015050087 254
224 80557.0784216209 223
225 75466.0215544131 216
226 64697.7353442147 189
227 78587.0217969848 230
228 70386.3155819372 201
229 56115.3369114712 151
230 90140.4638408583 221
231 84749.8126150453 184
232 113901.205510501 215
233 121236.29496683 198
234 117505.969142045 167
235 126657.277289436 159
236 123728.609393175 140
237 118970.733979586 124
238 103032.264236135 101
239 92633.1852961364 87
240 94067.0965060855 86
241 82105.3710479429 74
242 71355.3220181037 64
243 60076.522931746 54
244 48597.033220705 44
245 54598.1636617614 50
246 32292.7445611941 30
247 26474.564550322 25
248 19756.7920345943 19
249 25477.806969639 25
250 19942.5895077803 20
251 14616.3028880959 15
252 21870.2394314895 23
253 42598.3943997475 46
254 53102.2650752462 59
255 74203.9813673927 85
256 83662.461225591 99
257 116706.163423505 143
258 96801.7637605648 123
259 102391.79407754 135
260 94931.0737579054 130
261 108839.674660259 155
262 105188.873874325 156
263 104158.623592577 161
264 90588.253478703 146
265 109367.01157686 184
266 108576.244906794 191
267 107020.477227784 197
268 64458.633722259 124
269 80629.4976960865 162
270 90372.5855653652 190
271 80415.1112062247 177
272 104024.376324921 240
273 98706.6598619721 239
274 88656.6768518566 225
275 95640.7015050087 254
276 80557.0784216209 223
277 75466.0215544131 216
278 64697.7353442147 189
279 78587.0217969848 230
280 70386.3155819372 201
281 56115.3369114712 151
282 90140.4638408583 221
283 84749.8126150453 184
284 113901.205510501 215
285 121236.29496683 198
286 117505.969142045 167
287 126657.277289436 159
288 123728.609393175 140
289 118970.733979586 124
290 103032.264236135 101
291 92633.1852961364 87
292 94067.0965060855 86
293 82105.3710479429 74
294 71355.3220181037 64
295 60076.522931746 54
296 48597.033220705 44
297 54598.1636617614 50
298 32292.7445611941 30
299 26474.564550322 25
300 19756.7920345943 19
301 25477.806969639 25
302 19942.5895077803 20
303 14616.3028880959 15
304 21870.2394314895 23
305 42598.3943997475 46
306 53102.2650752462 59
307 74203.9813673927 85
308 83662.461225591 99
309 116706.163423505 143
310 96801.7637605648 123
311 102391.79407754 135
312 94931.0737579054 130
313 108839.674660259 155
314 105188.873874325 156
315 104158.623592577 161
316 90588.253478703 146
317 109367.01157686 184
318 108576.244906794 191
319 107020.477227784 197
320 64458.633722259 124
321 80629.4976960865 162
322 90372.5855653652 190
323 80415.1112062247 177
324 104024.376324921 240
325 98706.6598619721 239
326 88656.6768518566 225
327 95640.7015050087 254
328 80557.0784216209 223
329 75466.0215544131 216
330 64697.7353442147 189
331 78587.0217969848 230
332 70386.3155819372 201
333 56115.3369114712 151
334 90140.4638408583 221
335 84749.8126150453 184
336 113901.205510501 215
337 121236.29496683 198
338 117505.969142045 167
339 126657.277289436 159
340 123728.609393175 140
341 118970.733979586 124
342 103032.264236135 101
343 92633.1852961364 87
344 94067.0965060855 86
345 82105.3710479429 74
346 71355.3220181037 64
347 60076.522931746 54
348 48597.033220705 44
349 54598.1636617614 50
350 32292.7445611941 30
351 26474.564550322 25
352 19756.7920345943 19
353 25477.806969639 25
354 19942.5895077803 20
355 14616.3028880959 15
356 21870.2394314895 23
357 42598.3943997475 46
358 53102.2650752462 59
359 74203.9813673927 85
360 83662.461225591 99
361 116706.163423505 143
362 96801.7637605648 123
363 102391.79407754 135
364 94931.0737579054 130
365 108839.674660259 155
366 105188.873874325 156
367 104158.623592577 161
368 90588.253478703 146
369 109367.01157686 184
370 108576.244906794 191
371 107020.477227784 197
372 64458.633722259 124
373 80629.4976960865 162
374 90372.5855653652 190
375 80415.1112062247 177
376 104024.376324921 240
377 98706.6598619721 239
378 88656.6768518566 225
379 95640.7015050087 254
380 80557.0784216209 223
381 75466.0215544131 216
382 64697.7353442147 189
383 78587.0217969848 230
384 70386.3155819372 201
385 56115.3369114712 151
386 90140.4638408583 221
387 84749.8126150453 184
388 113901.205510501 215
389 121236.29496683 198
390 117505.969142045 167
391 126657.277289436 159
392 123728.609393175 140
393 118970.733979586 124
394 103032.264236135 101
395 92633.1852961364 87
396 94067.0965060855 86
397 82105.3710479429 74
398 71355.3220181037 64
399 60076.522931746 54
400 48597.033220705 44
401 54598.1636617614 50
402 32292.7445611941 30
403 26474.564550322 25
404 19756.7920345943 19
405 25477.806969639 25
406 19942.5895077803 20
407 14616.3028880959 15
408 21870.2394314895 23
409 42598.3943997475 46
410 53102.2650752462 59
411 74203.9813673927 85
412 83662.461225591 99
413 116706.163423505 143
414 96801.7637605648 123
415 102391.79407754 135
416 94931.0737579054 130
417 108839.674660259 155
418 105188.873874325 156
419 104158.623592577 161
420 90588.253478703 146
421 109367.01157686 184
422 108576.244906794 191
423 107020.477227784 197
424 64458.633722259 124
425 80629.4976960865 162
426 90372.5855653652 190
427 80415.1112062247 177
428 104024.376324921 240
429 98706.6598619721 239
430 88656.6768518566 225
431 95640.7015050087 254
432 80557.0784216209 223
433 75466.0215544131 216
434 64697.7353442147 189
435 78587.0217969848 230
436 70386.3155819372 201
437 56115.3369114712 151
438 90140.4638408583 221
439 84749.8126150453 184
440 113901.205510501 215
441 121236.29496683 198
442 117505.969142045 167
443 126657.277289436 159
444 123728.609393175 140
445 118970.733979586 124
446 103032.264236135 101
447 92633.1852961364 87
448 94067.0965060855 86
449 82105.3710479429 74
450 71355.3220181037 64
451 60076.522931746 54
452 48597.033220705 44
453 54598.1636617614 50
454 32292.7445611941 30
455 26474.564550322 25
456 19756.7920345943 19
457 25477.806969639 25
458 19942.5895077803 20
459 14616.3028880959 15
460 21870.2394314895 23
461 42598.3943997475 46
462 53102.2650752462 59
463 74203.9813673927 85
464 83662.461225591 99
465 116706.163423505 143
466 96801.7637605648 123
467 102391.79407754 135
468 94931.0737579054 130
469 108839.674660259 155
470 105188.873874325 156
471 104158.623592577 161
472 90588.253478703 146
473 109367.01157686 184
474 108576.244906794 191
475 107020.477227784 197
476 64458.633722259 124
477 80629.4976960865 162
478 90372.5855653652 190
479 80415.1112062247 177
480 104024.376324921 240
481 98706.6598619721 239
482 88656.6768518566 225
483 95640.7015050087 254
484 80557.0784216209 223
485 75466.0215544131 216
486 64697.7353442147 189
487 78587.0217969848 230
488 70386.3155819372 201
489 56115.3369114712 151
490 90140.4638408583 221
491 84749.8126150453 184
492 113901.205510501 215
493 121236.29496683 198
494 117505.969142045 167
495 126657.277289436 159
496 123728.609393175 140
497 118970.733979586 124
498 103032.264236135 101
499 92633.1852961364 87
500 94067.0965060855 86
501 82105.3710479429 74
502 71355.3220181037 64
503 60076.522931746 54
504 48597.033220705 44
505 54598.1636617614 50
506 32292.7445611941 30
507 26474.564550322 25
508 19756.7920345943 19
509 25477.806969639 25
510 19942.5895077803 20
511 14616.3028880959 15
512 21870.2394314895 23
513 42598.3943997475 46
514 53102.2650752462 59
515 74203.9813673927 85
516 83662.461225591 99
517 116706.163423505 143
518 96801.7637605648 123
519 102391.79407754 135
520 94931.0737579054 130
521 108839.674660259 155
522 105188.873874325 156
523 104158.623592577 161
524 90588.253478703 146
525 109367.01157686 184
526 108576.244906794 191
527 107020.477227784 197
528 64458.633722259 124
529 80629.4976960865 162
530 90372.5855653652 190
531 80415.1112062247 177
532 104024.376324921 240
533 98706.6598619721 239
534 88656.6768518566 225
535 95640.7015050087 254
536 80557.0784216209 223
537 75466.0215544131 216
538 64697.7353442147 189
539 78587.0217969848 230
540 70386.3155819372 201
541 56115.3369114712 151
542 90140.4638408583 221
543 84749.8126150453 184
544 113901.205510501 215
545 121236.29496683 198
546 117505.969142045 167
547 126657.277289436 159
548 123728.609393175 140
549 118970.733979586 124
550 103032.264236135 101
551 92633.1852961364 87
552 94067.0965060855 86
553 82105.3710479429 74
554 71355.3220181037 64
555 60076.522931746 54
556 48597.033220705 44
557 54598.1636617614 50
558 32292.7445611941 30
559 26474.564550322 25
560 19756.7920345943 19
561 25477.806969639 25
562 19942.5895077803 20
563 14616.3028880959 15
564 21870.2394314895 23
565 42598.3943997475 46
566 53102.2650752462 59
567 74203.9813673927 85
568 83662.461225591 99
569 116706.163423505 143
570 96801.7637605648 123
571 102391.79407754 135
572 94931.0737579054 130
573 108839.674660259 155
574 105188.873874325 156
575 104158.623592577 161
576 90588.253478703 146
577 109367.01157686 184
578 108576.244906794 191
579 107020.477227784 197
580 64458.633722259 124
581 80629.4976960865 162
582 90372.5855653652 190
583 80415.1112062247 177
584 104024.376324921 240
585 98706.6598619721 239
586 88656.6768518566 225
587 95640.7015050087 254
588 80557.0784216209 223
589 75466.0215544131 216
590 64697.7353442147 189
591 78587.0217969848 230
592 70386.3155819372 201
593 56115.3369114712 151
594 90140.4638408583 221
595 84749.8126150453 184
596 113901.205510501 215
597 121236.29496683 198
598 117505.969142045 167
599 126657.277289436 159
600 123728.609393175 140
601 118970.733979586 124
602 103032.264236135 101
603 92633.1852961364 87
604 94067.0965060855 86
605 82105.3710479429 74
606 71355.3220181037 64
607 60076.522931746 54
608 48597.033220705 44
609 54598.1636617614 50
610 32292.7445611941 30
611 26474.564550322 25
612 19756.7920345943 19
613 25477.806969639 25
614 19942.5895077803 20
615 14616.3028880959 15
616 21870.2394314895 23
617 42598.3943997475 46
618 53102.2650752462 59
619 74203.9813673927 85
620 83662.461225591 99
621 116706.163423505 143
622 96801.7637605648 123
623 102391.79407754 135
624 94931.0737579054 130
625 108839.674660259 155
626 105188.873874325 156
627 104158.623592577 161
628 90588.253478703 146
629 109367.01157686 184
630 108576.244906794 191
631 107020.477227784 197
632 64458.633722259 124
633 80629.4976960865 162
634 90372.5855653652 190
635 80415.1112062247 177
636 104024.376324921 240
637 98706.6598619721 239
638 88656.6768518566 225
639 95640.7015050087 254
640 80557.0784216209 223
641 75466.0215544131 216
642 64697.7353442147 189
643 78587.0217969848 230
644 70386.3155819372 201
645 56115.3369114712 151
646 90140.4638408583 221
647 84749.8126150453 184
648 113901.205510501 215
649 121236.29496683 198
650 117505.969142045 167
651 126657.277289436 159
652 123728.609393175 140
653 118970.733979586 124
654 103032.264236135 101
655 92633.1852961364 87
656 94067.0965060855 86
657 82105.3710479429 74
658 71355.3220181037 64
659 60076.522931746 54
660 48597.033220705 44
661 54598.1636617614 50
662 32292.7445611941 30
663 26474.564550322 25
664 19756.7920345943 19
665 25477.806969639 25
666 19942.5895077803 20
667 14616.3028880959 15
668 21870.2394314895 23
669 42598.3943997475 46
670 53102.2650752462 59
671 74203.9813673927 85
672 83662.461225591 99
673 116706.163423505 143
674 96801.7637605648 123
675 102391.79407754 135
676 94931.0737579054 130
677 108841.082177032 155
678 105191.856676008 156
679 104163.597678277 161
680 90594.9069983157 146
681 109378.961780021 184
682 108593.831017177 191
683 107046.555788091 197
684 64482.9221059252 124
685 80678.1173180883 162
686 90463.2535744028 190
687 80554.6519384428 177
688 104347.323947711 240
689 99270.2355567802 239
690 89604.1377321278 225
691 97565.9389178332 254
692 83597.7525820729 223
693 80713.3360678242 216
694 72731.356233918 189
695 95235.7699015846 230
696 94373.7568466134 201
697 84768.3543251875 151
698 153974.796001178 221
699 162052.985272972 184
700 239260.645350884 215
701 274045.145850242 198
702 280570.196620048 167
703 314749.433261859 159
704 316478.336642216 140
705 310719.762865299 124
706 273199.818146989 101
707 248375.06906146 87
708 254327.776660573 86
709 223405.46740416 74
710 195130.261389785 64
711 164955.486955612 54
712 133888.547167981 44
713 150859.101687623 50
714 89453.9285832241 30
715 73502.2526169806 25
716 54962.432611469 19
717 71007.8588659974 25
718 55673.7262419248 20
719 40866.7043882795 15
720 61234.4082716127 23
721 119425.758482017 46
722 149052.406952808 59
723 208515.19998022 85
724 235339.03424796 99
725 328611.860009224 143
726 272820.883366703 123
727 288834.712611301 135
728 268024.310514094 130
729 307561.563736865 155
730 297507.140578156 156
731 294857.385820395 161
732 256674.921663422 146
733 310164.988930395 184
734 308195.988641314 191
735 304035.895470594 197
736 183262.970723196 124
737 229395.656574547 162
738 257265.792785366 190
739 229028.059163179 177
740 296370.396803632 240
741 281266.393904812 239
742 252600.762300768 225
743 272341.294581687 254
744 229067.313900833 223
745 213986.028199135 216
746 182518.33530973 189
747 219838.258785365 230
748 194413.389847999 201
749 152369.14794324 151
750 239828.037483888 221
751 220687.716365534 184
752 290628.191433427 215
753 303948.512865079 198
754 290427.00194763 167
755 309606.327237914 159
756 299933.896198749 140
757 286610.747360908 124
758 247067.423258999 101
759 221363.861358039 87
760 224202.804232486 86
761 195297.738548962 74
762 169456.051379034 64
763 142485.081313776 54
764 115133.060551177 44
765 129229.265925364 50
766 76371.3740199506 30
767 62565.7257440734 25
768 46659.2546790274 19
769 60134.4780541772 25
770 47044.1658629371 20
771 34462.2917668869 15
772 51541.8470608531 23
773 100349.487084917 46
774 125044.566699531 59
775 174671.640112242 85
776 196871.374802869 99
777 274546.774542403 143
778 227662.628031713 123
779 240756.117437103 135
780 223174.87283002 130
781 255842.334912863 155
782 247246.623272908 156
783 244826.659214655 161
784 212942.928162919 146
785 257112.939932165 184
786 255286.131567514 191
787 251658.409560119 197
788 151587.789885742 124
789 189623.736067317 162
790 212529.760888696 190
791 189087.774954817 177
792 244536.613191181 240
793 231921.428185936 239
794 208122.526210471 225
795 224155.034451867 254
796 188250.035229256 223
797 175433.555690324 216
798 149058.575186486 189
799 178455.539965718 230
800 156414.865982941 201
801 121118.382106558 151
802 187868.795520301 221
803 170145.302024283 184
804 220616.741984455 215
805 227557.367210628 198
806 214947.663713547 167
807 227066.097849332 159
808 218439.718239308 140
809 207636.773842844 124
810 178280.31504595 101
811 159255.779187628 87
812 160930.620441021 86
813 139934.488990159 74
814 121247.051924867 64
815 101831.262860251 54
816 82203.249756362 44
817 92190.3119758036 50
818 54442.0539226082 30
819 44571.2046216568 25
820 33219.8490056582 19
821 42790.6365082991 25
822 33459.2546921528 20
823 24499.4978478741 15
824 36626.0858472331 23
825 71281.3712305609 46
826 88790.5476200908 59
827 123986.21274692 85
828 139697.083171656 99
829 194748.83474215 143
830 161434.954772892 123
831 170653.590049571 135
832 158121.337231177 130
833 181171.102483909 155
834 174974.125661287 156
835 173133.720312444 161
836 150460.429465531 146
837 181505.292770838 184
838 180048.727734408 191
839 177331.735385652 197
840 106730.154323884 124
841 133417.486346871 162
842 149447.870065215 190
843 132901.273852442 177
844 171804.351180492 240
845 162875.845490962 239
846 146089.041296441 225
847 157222.99694019 254
848 131868.044088164 223
849 122611.593830797 216
850 103772.232679124 189
851 123446.054357667 230
852 107145.172418041 201
853 81837.9757208482 151
854 124770.772261675 221
855 110820.595770622 184
856 140886.025228852 215
857 142692.040900982 198
858 132693.53222294 167
859 138406.034580778 159
860 131829.709798763 140
861 124357.269863468 124
862 106157.733835781 101
863 94412.5494803325 87
864 95083.652886761 86
865 82460.7292565994 74
866 71298.3265121939 64
867 59777.6968080285 54
868 48185.3265018685 44
869 53971.5974125707 50
870 31837.1327297724 30
871 26039.0094364314 25
872 19390.0945814422 19
873 24956.1716295518 25
874 19499.4420367066 20
875 14268.0858262069 15
876 21316.9182451905 23
877 41462.4951507376 46
878 51618.9620674184 59
879 72043.4257897451 85
880 81133.3603137427 99
881 113054.520345696 143
882 93673.720140497 123
883 98979.334195293 135
884 91669.5856006433 130
885 104983.330221727 155
886 101341.913949259 156
887 100222.68379764 161
888 87048.6520304387 146
889 104948.384667036 184
890 104045.356299652 191
891 102417.401326204 197
892 61609.110718303 124
893 76976.837959611 162
894 86187.060169459 190
895 76610.6960080849 177
896 98987.2877530477 240
897 93781.1835875811 239
898 84029.3675001414 225
899 90274.5058866835 254
900 75478.0891930297 223
901 69785.3787427078 216
902 58483.8179381735 189
903 68435.1390997772 230
904 57874.7515106848 201
905 42557.2398828184 151
906 61672.4475730737 221
907 51495.7269400903 184
908 61155.1813715011 215
909 57826.6344242006 198
910 50439.3538235081 167
911 49745.9404781732 159
912 45219.6832235402 140
913 41077.7560777576 124
914 34035.1488704863 101
915 29569.3197730371 87
916 29236.6853325011 86
917 24986.9695230394 74
918 21349.6010995213 64
919 17724.1307558063 54
920 14167.403247375 44
921 15752.8828493377 50
922 9232.21153693655 30
923 7506.81425120602 25
924 5560.34015722615 19
925 7121.70675080457 25
926 5539.62938126037 20
927 4036.67380453981 15
928 6007.75064314779 23
929 11643.6190709144 46
930 14447.3765147461 59
931 20100.6388325702 85
932 22569.6374558289 99
933 31360.2059492425 143
934 25912.4855081016 123
935 27305.0783410149 135
936 25217.8339701094 130
937 28796.0505904163 155
938 27710.7462178209 156
939 27313.3882128311 161
940 23639.203327211 146
941 28395.6591343396 184
942 28048.1400035308 191
943 27512.1947628619 197
944 16496.5680470048 124
945 20553.2064400511 162
946 22957.9840768665 190
947 20368.9574200039 177
948 26283.25599358 240
949 24883.7731773834 239
950 22301.3050119367 225
951 23999.8479276659 254
952 20152.3702540532 223
953 18795.7237343125 216
954 16007.1705086193 189
955 19251.2856784977 230
956 16999.9350459654 201
957 13305.0601395892 151
958 20916.1391405847 221
959 19226.9685398328 184
960 25300.1414582845 215
961 26444.3257566138 198
962 25257.6550413775 167
963 26918.1009659163 159
964 26072.0611854821 140
965 24910.4024020472 124
966 21471.2077739907 101
967 19235.7493836048 87
968 19480.9558323119 86
969 16968.2435141552 74
970 14722.1044669369 64
971 12378.2021119374 54
972 10001.509874428 44
973 11225.4965951563 50
974 6633.7047518112 30
975 5434.30988931114 25
976 4052.55993491622 19
977 5222.76003578277 25
978 4085.71458276472 20
979 2992.90230793695 15
980 4476.04213514824 23
981 8714.32041988543 46
982 10858.3406192204 59
983 15166.7783898849 85
984 17092.7151557445 99
985 23832.8853577901 143
986 19757.9427378545 123
987 20885.8439735533 135
988 19348.7152042417 130
989 22161.2526775287 155
990 21390.5915255089 156
991 21148.0252118317 161
992 18359.2401648843 146
993 22120.7020244778 184
994 21915.5917854174 191
995 21559.0595680645 197
996 12962.4465571171 124
997 16191.5315261473 162
998 18129.9703401221 190
999 16123.9591734993 177
1000 20859.1555797554 240
1001 19810.4137810917 239
1002 17832.8711686164 225
1003 19324.9297753507 254
1004 16417.5477773434 223
1005 15619.0384511101 216
1006 13743.4464035582 189
1007 17382.6498198148 230
1008 16476.1958131215 201
1009 14088.4545372303 151
1010 24411.6041327154 221
1011 24680.3219383607 184
1012 35316.2180384432 215
1013 39528.1648657791 198
1014 39807.6287377563 167
1015 44140.6790491428 159
1016 44020.6993051222 140
1017 42969.0522268713 124
1018 37623.2092118634 101
1019 34100.8254357596 87
1020 34839.4873166659 86
1021 30551.0838452103 74
1022 26648.5583407888 64
1023 22503.2009887358 54
1024 18248.5580388686 44
1025 20545.7265349385 50
1026 12174.6673144418 30
1027 9997.68171673026 25
1028 7471.92246460633 19
1029 9648.56658356364 25
1030 7561.63157497051 20
1031 5548.30072763754 15
1032 8310.46477031023 23
1033 16202.4152881764 46
1034 20215.4672028054 59
1035 28271.9181347612 85
1036 31900.1495473551 99
1037 44531.8023432729 143
1038 36962.2647127268 123
1039 39122.6506688841 135
1040 36295.5384272 130
1041 41640.3138544768 155
1042 40270.0041234753 156
1043 39902.2724428667 161
1044 34727.2157393602 146
1045 41954.8133281522 184
1046 41679.5974797125 191
1047 41109.1578754792 197
1048 24775.4393763404 124
1049 31009.0790760336 162
1050 34776.0780162932 190
1051 30963.1550357898 177
1052 40083.075241932 240
1053 38073.3880954775 239
1054 34253.6511340991 225
1055 37058.1066594009 254
1056 31372.9302439064 223
1057 29653.5924346653 216
1058 25806.1458855044 189
1059 32090.1090523559 230
1060 29718.2751137249 201
1061 24716.6058363228 151
1062 41614.4849741178 221
1063 40979.681206878 184
1064 57376.4640728444 215
1065 63147.6756524515 198
1066 62806.9678184979 167
1067 69018.8015090121 159
1068 68387.463737813 140
1069 66444.2670336207 124
1070 57982.5885274787 101
1071 52424.8589737362 87
1072 53462.181894713 86
1073 46815.8239677798 74
1074 40790.7541548907 64
1075 34414.8205677741 54
1076 27887.3637600705 44
1077 31377.9695922039 50
1078 18583.1717010885 30
1079 15252.7669184385 25
1080 11394.3661492402 19
1081 14707.78550839 25
1082 11522.3789961812 20
1083 8451.66366802307 15
1084 12655.3714426509 23
1085 24666.4822995728 46
1086 30767.9523309486 59
1087 43019.5766606951 85
1088 48529.7209608659 99
1089 67732.5628356629 143
1090 56209.0203260564 123
1091 59484.585153522 135
1092 55178.181620878 130
1093 63295.9125025859 155
1094 61207.0593353473 156
1095 60643.7677085975 161
1096 52776.0309730487 146
1097 63757.9000181557 184
1098 63338.1081202083 191
1099 62469.7229591854 197
1100 37647.6544138498 124
1101 47117.6157510424 162
1102 52837.3418647533 190
1103 47038.4678887398 177
1104 60881.6689204898 240
1105 57811.084570953 239
1106 51983.0465872653 225
1107 56185.0281795265 254
1108 47483.7560205237 223
1109 44746.4816915804 216
1110 38745.539455563 189
1111 47807.4075117649 230
1112 43795.4843528934 201
1113 35939.6488147415 151
1114 59642.5554141432 221
1115 57929.6316871559 184
1116 80156.6957600004 215
1117 87394.9287075113 198
1118 86308.1581721792 167
1119 94350.2546828954 159
1120 93133.1842731386 140
1121 90238.4131031428 124
1122 78589.0410965483 101
1123 70951.4960329634 87
1124 72275.6011959301 86
1125 63236.8981773684 74
1126 55061.8185585114 64
1127 46430.1251541233 54
1128 37606.7704042115 44
1129 42297.6023245562 50
1130 25041.7206133273 30
1131 20547.6798285028 25
1132 15345.7245561591 19
1133 19803.3469023178 25
1134 15510.8968977373 20
1135 11374.9242456423 15
1136 17029.4193289488 23
1137 33186.1611795223 46
1138 41388.4053459979 59
1139 57860.3729341736 85
1140 65262.2132059841 99
1141 91073.7955203639 143
1142 75569.3730781694 123
1143 79962.94396903 135
1144 74164.3963724591 130
1145 85063.8474346377 155
1146 82244.8341102123 156
1147 81475.4924271129 161
1148 70893.6816687893 146
1149 85631.3023335277 184
1150 85053.3571015671 191
1151 83873.8184047423 197
1152 50539.3811583016 124
1153 63243.5152902597 162
1154 70911.8589778263 190
1155 63121.4901299847 177
1156 81686.5441854739 240
1157 77552.4165433474 239
1158 69714.3819576365 225
1159 75313.1684805282 254
1160 63595.1717048479 223
1161 59839.686002463 216
1162 51685.086524406 189
1163 63524.8118711619 230
1164 57872.7474692808 201
1165 47162.7161970357 151
1166 77670.6481823149 221
1167 74879.594210165 184
1168 102936.936862101 215
1169 111642.187700877 198
1170 109809.352000588 167
1171 119681.710140783 159
1172 117878.906151774 140
1173 114032.55989906 124
1174 99195.4939437753 101
1175 89478.1330921907 87
1176 91089.0204971472 86
1177 79657.9723869569 74
1178 69332.8829621322 64
1179 58445.4297404725 54
1180 47326.1770483525 44
1181 53217.2350569084 50
1182 31500.2695255661 30
1183 25842.5927385672 25
1184 19297.082963078 19
1185 24898.9082962456 25
1186 19499.4147992934 20
1187 14298.1848232614 15
1188 21403.4672152467 23
1189 41705.8400594718 46
1190 52008.8583610471 59
1191 72701.1692076522 85
1192 81994.7054511023 99
1193 114415.028205065 143
1194 94929.7258302823 123
1195 100441.302784538 135
1196 93150.6111240402 130
