1 SimYear 2007 1 22290.8105753885 155 0
2 SimYear 2007 2 21266.3491501989 156 0
3 SimYear 2007 3 21590.0978422628 161 0
4 SimYear 2007 4 18373.6431337889 146 0
5 SimYear 2007 5 21777.8318349397 184 0
6 SimYear 2007 6 21914.9240875569 191 0
7 SimYear 2007 7 21869.7162860064 197 0
8 SimYear 2007 8 13258.5991855494 124 0
9 SimYear 2007 9 16118.1081075063 162 0
10 SimYear 2007 10 17928.2905771852 190 0
11 SimYear 2007 11 16140.2274622895 177 0
12 SimYear 2007 12 21297.6876640908 240 0
13 SimYear 2007 13 20396.8162816734 239 0
14 SimYear 2007 14 17573.6350162341 225 0
15 SimYear 2007 15 19013.0490960399 254 0
16 SimYear 2007 16 16022.0857403992 223 0
17 SimYear 2007 17 15757.458521559 216 0
18 SimYear 2007 18 13657.4448379341 189 0
19 SimYear 2007 19 17835.2393746037 230 0
20 SimYear 2007 20 16441.2396290653 201 0
21 SimYear 2007 21 14094.9405630132 151 0
22 SimYear 2007 22 25204.4406575262 221 0
23 SimYear 2007 23 24923.5982600253 184 0
24 SimYear 2007 24 36032.7756883112 215 0
25 SimYear 2007 25 40006.1259812332 198 0
26 SimYear 2007 26 39555.4766405586 167 0
27 SimYear 2007 27 42980.8551522178 159 0
28 SimYear 2007 28 43479.8320407973 140 0
29 SimYear 2007 29 42959.7699182165 124 0
30 SimYear 2007 30 37720.6801209264 101 0
31 SimYear 2007 31 33236.7831574272 87 0
32 SimYear 2007 32 34788.1166991021 86 0
33 SimYear 2007 33 30621.0259995856 74 0
34 SimYear 2007 34 26562.173192772 64 0
35 SimYear 2007 35 22371.2792807478 54 0
36 SimYear 2007 36 18679.8742236789 44 0
37 SimYear 2007 37 20633.7570691353 50 0
38 SimYear 2007 38 12475.7944735053 30 0
39 SimYear 2007 39 10012.9973755411 25 0
40 SimYear 2007 40 7479.08074657717 19 0
41 SimYear 2007 41 9581.54301986455 25 0
42 SimYear 2007 42 7540.95509808249 20 0
43 SimYear 2007 43 5481.27345168056 15 0
44 SimYear 2007 44 8533.36184659439 23 0
45 SimYear 2007 45 15538.5017893598 46 0
46 SimYear 2007 46 19883.4042890525 59 0
47 SimYear 2007 47 28156.9035160307 85 0
48 SimYear 2007 48 32998.2317196441 99 0
49 SimYear 2007 49 44169.0268377046 143 0
50 SimYear 2007 50 36748.5132729502 123 0
51 SimYear 2007 51 39544.3039658411 135 0
52 SimYear 2007 52 35661.6275772021 130 0
53 SimYear 2008 1 41549.6858855814 155 0
54 SimYear 2008 2 41066.4518619655 156 0
55 SimYear 2008 3 39564.1334641829 161 0
56 SimYear 2008 4 34968.4939658173 146 0
57 SimYear 2008 5 42715.1063808773 184 0
58 SimYear 2008 6 42350.4345950064 191 0
59 SimYear 2008 7 41788.4815594533 197 0
60 SimYear 2008 8 24988.606187934 124 0
61 SimYear 2008 9 31225.3779061397 162 0
62 SimYear 2008 10 35141.3683104031 190 0
63 SimYear 2008 11 30967.5696271822 177 0
64 SimYear 2008 12 39794.6250151489 240 0
65 SimYear 2008 13 39464.8758526853 239 0
66 SimYear 2008 14 34711.2014427319 225 0
67 SimYear 2008 15 36565.7969915568 254 0
68 SimYear 2008 16 31192.9417256986 223 0
69 SimYear 2008 17 29006.6391051789 216 0
70 SimYear 2008 18 25464.2557717386 189 0
71 SimYear 2008 19 31802.3010443668 230 0
72 SimYear 2008 20 29215.4413891498 201 0
73 SimYear 2008 21 24745.6557808422 151 0
74 SimYear 2008 22 41642.9738490425 221 0
75 SimYear 2008 23 41442.1754612555 184 0
76 SimYear 2008 24 59016.0919747829 215 0
77 SimYear 2008 25 64239.3155433992 198 0
78 SimYear 2008 26 62039.8077682522 167 0
79 SimYear 2008 27 70353.1951628109 159 0
80 SimYear 2008 28 69033.6841930196 140 0
81 SimYear 2008 29 66788.5751432273 124 0
82 SimYear 2008 30 58452.1148283805 101 0
83 SimYear 2008 31 51588.4542136873 87 0
84 SimYear 2008 32 52479.054396673 86 0
85 SimYear 2008 33 46914.4842860881 74 0
86 SimYear 2008 34 41088.2873030437 64 0
87 SimYear 2008 35 33859.8195941042 54 0
88 SimYear 2008 36 27158.6219418023 44 0
89 SimYear 2008 37 31022.282855779 50 0
90 SimYear 2008 38 18024.4282606045 30 0
91 SimYear 2008 39 15154.2847077469 25 0
92 SimYear 2008 40 11390.9367613342 19 0
93 SimYear 2008 41 14960.2701010382 25 0
94 SimYear 2008 42 11421.7846675234 20 0
95 SimYear 2008 43 8181.04166344242 15 0
96 SimYear 2008 44 12565.8842445198 23 0
97 SimYear 2008 45 24832.84354075 46 0
98 SimYear 2008 46 31200.4024301142 59 0
99 SimYear 2008 47 42721.8290244326 85 0
100 SimYear 2008 48 48401.2698290304 99 0
101 SimYear 2008 49 67520.2195141349 143 0
102 SimYear 2008 50 56759.4322805346 123 0
103 SimYear 2008 51 59538.9025730315 135 0
104 SimYear 2008 52 55469.5090311684 130 0
105 SimYear 2009 1 63769.3534303829 155 0
106 SimYear 2009 2 61096.7377953115 156 0
107 SimYear 2009 3 60424.4295423147 161 0
108 SimYear 2009 4 53989.6767511011 146 0
109 SimYear 2009 5 63093.1015576244 184 0
110 SimYear 2009 6 63138.6619784772 191 0
111 SimYear 2009 7 59769.5811076544 197 0
112 SimYear 2009 8 37973.6661448705 124 0
113 SimYear 2009 9 47094.7762198267 162 0
114 SimYear 2009 10 52772.7770785119 190 0
115 SimYear 2009 11 47061.2075858342 177 0
116 SimYear 2009 12 60978.2978421054 240 0
117 SimYear 2009 13 57526.7848876006 239 0
118 SimYear 2009 14 51022.466750444 225 0
119 SimYear 2009 15 55269.5710067167 254 0
120 SimYear 2009 16 47331.3270666683 223 0
121 SimYear 2009 17 44540.3445453103 216 0
122 SimYear 2009 18 39494.9887729768 189 0
123 SimYear 2009 19 47976.9869806854 230 0
124 SimYear 2009 20 43679.2862242023 201 0
125 SimYear 2009 21 36302.4361644115 151 0
126 SimYear 2009 22 59268.6738535769 221 0
127 SimYear 2009 23 58301.8780475067 184 0
128 SimYear 2009 24 82486.073776473 215 0
129 SimYear 2009 25 84742.4827902311 198 0
130 SimYear 2009 26 84562.9631494966 167 0
131 SimYear 2009 27 92267.002815467 159 0
132 SimYear 2009 28 93837.1128623251 140 0
133 SimYear 2009 29 90292.3225972064 124 0
134 SimYear 2009 30 81073.5626975983 101 0
135 SimYear 2009 31 69751.5639027501 87 0
136 SimYear 2009 32 71778.497586798 86 0
137 SimYear 2009 33 63813.6332790829 74 0
138 SimYear 2009 34 54884.3417553675 64 0
139 SimYear 2009 35 46328.8752448748 54 0
140 SimYear 2009 36 38470.1618403529 44 0
141 SimYear 2009 37 43137.9308995855 50 0
142 SimYear 2009 38 24277.7000017158 30 0
143 SimYear 2009 39 20273.6538514425 25 0
144 SimYear 2009 40 15392.8724360493 19 0
145 SimYear 2009 41 19342.5548162577 25 0
146 SimYear 2009 42 16075.3267176137 20 0
147 SimYear 2009 43 11505.9260151123 15 0
148 SimYear 2009 44 16837.7720270797 23 0
149 SimYear 2009 45 33247.9211342934 46 0
150 SimYear 2009 46 41212.5400011832 59 0
151 SimYear 2009 47 57323.0259185561 85 0
152 SimYear 2009 48 67100.6818945159 99 0
153 SimYear 2009 49 90954.8453329465 143 0
154 SimYear 2009 50 75119.659759355 123 0
155 SimYear 2009 51 80239.9116798161 135 0
156 SimYear 2009 52 72881.3746023968 130 0
157 SimYear 2010 1 87537.9750577849 155 0
158 SimYear 2010 2 83701.0081387533 156 0
159 SimYear 2010 3 83398.1230936715 161 0
160 SimYear 2010 4 72306.8063566491 146 0
161 SimYear 2010 5 87956.0000598362 184 0
162 SimYear 2010 6 85142.6900563338 191 0
163 SimYear 2010 7 83019.0110478202 197 0
164 SimYear 2010 8 50299.8277168852 124 0
165 SimYear 2010 9 62343.5048319303 162 0
166 SimYear 2010 10 71622.8812774941 190 0
167 SimYear 2010 11 65680.0159406322 177 0
168 SimYear 2010 12 79178.0555076931 240 0
169 SimYear 2010 13 78400.0650289417 239 0
170 SimYear 2010 14 70843.0062699303 225 0
171 SimYear 2010 15 74934.5619872612 254 0
172 SimYear 2010 16 63318.0943974538 223 0
173 SimYear 2010 17 58703.1570255839 216 0
174 SimYear 2010 18 51116.6221645869 189 0
175 SimYear 2010 19 63327.7109920031 230 0
176 SimYear 2010 20 58480.0012605601 201 0
177 SimYear 2010 21 48091.1707890367 151 0
178 SimYear 2010 22 79141.8191819707 221 0
179 SimYear 2010 23 74729.0387946427 184 0
180 SimYear 2010 24 102730.32590107 215 0
181 SimYear 2010 25 115890.428255823 198 0
182 SimYear 2010 26 110138.088906276 167 0
183 SimYear 2010 27 120668.301772971 159 0
184 SimYear 2010 28 121035.598101703 140 0
185 SimYear 2010 29 114303.740171089 124 0
186 SimYear 2010 30 101963.668303641 101 0
187 SimYear 2010 31 90360.4767793772 87 0
188 SimYear 2010 32 91635.4417017758 86 0
189 SimYear 2010 33 79164.4431330238 74 0
190 SimYear 2010 34 70224.3344980339 64 0
191 SimYear 2010 35 57877.1375073092 54 0
192 SimYear 2010 36 47891.115591886 44 0
193 SimYear 2010 37 53244.3894559285 50 0
194 SimYear 2010 38 31155.5606224806 30 0
195 SimYear 2010 39 25791.9078375575 25 0
196 SimYear 2010 40 18765.0670482215 19 0
197 SimYear 2010 41 25148.2559867738 25 0
198 SimYear 2010 42 19796.9557865821 20 0
199 SimYear 2010 43 14239.1204757263 15 0
200 SimYear 2010 44 21468.2307484403 23 0
201 SimYear 2010 45 41520.1532901092 46 0
202 SimYear 2010 46 52433.9860916165 59 0
203 SimYear 2010 47 71727.8054508986 85 0
204 SimYear 2010 48 82288.5688289583 99 0
205 SimYear 2010 49 112548.325083706 143 0
206 SimYear 2010 50 94881.551336256 123 0
207 SimYear 2010 51 103048.25353331 135 0
208 SimYear 2010 52 94188.4988860574 130 0
