1 53254.1 155
2 51315 156
3 50683.2 161
4 43977.1 146
5 52986.8 184
6 52503.3 191
7 51662.2 197
8 31062.2 124
9 38789.7 162
10 43404.5 190
11 38547.7 177
12 49756.5 240
13 136072.6 239
14 140714.7 225
15 170361.2 254
16 157578.5 223
17 158731.5 216
18 143020.3 189
19 177576.9 230
20 157051.3 201
21 118885.9 151
22 174358.9 221
23 144652.2 184
24 167733.4 215
25 152712.3 198
26 127093.3 167
27 119144.6 159
28 103131.3 140
29 89668.1 124
30 71610.4 101
31 60415.4 87
32 58422.3 86
33 49119.6 74
34 41464.7 64
35 34120.9 54
36 27095.1 44
37 29982.3 50
38 17500.6 30
39 14181.6 25
40 10475.5 19
41 13386.9 25
42 10389.3 20
43 7557.6 15
44 11229.2 23
45 21732.3 46
46 26927.6 59
47 37426.8 85
48 41981.2 99
49 58296.3 143
50 48141.6 123
51 50724.3 135
52 46860.5 130
53 53254.1 155
54 51315 156
55 50683.2 161
56 43977.1 146
57 52986.8 184
58 52503.3 191
59 51662.2 197
60 31062.2 124
61 38789.7 162
62 43404.5 190
63 38547.7 177
64 49756.5 240
65 136072.6 239
66 140714.7 225
67 170361.2 254
68 157578.5 223
69 158731.5 216
70 143020.3 189
71 177576.9 230
72 157051.3 201
73 118885.9 151
74 174358.9 221
75 144652.2 184
76 167733.4 215
77 152712.3 198
78 127093.3 167
79 119144.6 159
80 103131.3 140
81 89668.1 124
82 71610.4 101
83 60415.4 87
84 58422.3 86
85 49119.6 74
86 41464.7 64
87 34120.9 54
88 27095.1 44
89 29982.3 50
90 17500.6 30
91 14181.6 25
92 10475.5 19
93 13386.9 25
94 10389.3 20
95 7557.6 15
96 11229.2 23
97 21732.3 46
98 26927.6 59
99 37426.8 85
100 41981.2 99
101 58296.3 143
102 48141.6 123
103 50724.3 135
104 46860.5 130
105 53254.1 155
106 51315 156
107 50683.2 161
108 43977.1 146
109 52986.8 184
110 52503.3 191
111 51662.2 197
112 31062.2 124
113 38789.7 162
114 43404.5 190
115 38547.7 177
116 49756.5 240
117 136072.6 239
118 140714.7 225
119 170361.2 254
120 157578.5 223
121 158731.5 216
122 143020.3 189
123 177576.9 230
124 157051.3 201
125 118885.9 151
126 174358.9 221
127 144652.2 184
128 167733.4 215
129 152712.3 198
130 127093.3 167
131 119144.6 159
132 103131.3 140
133 89668.1 124
134 71610.4 101
135 60415.4 87
136 58422.3 86
137 49119.6 74
138 41464.7 64
139 34120.9 54
140 27095.1 44
141 29982.3 50
142 17500.6 30
143 14181.6 25
144 10475.5 19
145 13386.9 25
146 10389.3 20
147 7557.6 15
148 11229.2 23
149 21732.3 46
150 26927.6 59
151 37426.8 85
152 41981.2 99
153 58296.3 143
154 48141.6 123
155 50724.3 135
156 46860.5 130
157 53254.1 155
158 51315 156
159 50683.2 161
160 43977.1 146
161 52986.8 184
162 52503.3 191
163 51662.2 197
164 31062.2 124
165 38789.7 162
166 43404.5 190
167 38547.7 177
168 49756.5 240
169 136072.6 239
170 140714.7 225
171 170361.2 254
172 157578.5 223
173 158731.5 216
174 143020.3 189
175 177576.9 230
176 157051.3 201
177 118885.9 151
178 174358.9 221
179 144652.2 184
180 167733.4 215
181 152712.3 198
182 127093.3 167
183 119144.6 159
184 103131.3 140
185 89668.1 124
186 71610.4 101
187 60415.4 87
188 58422.3 86
189 49119.6 74
190 41464.7 64
191 34120.9 54
192 27095.1 44
193 29982.3 50
194 17500.6 30
195 14181.6 25
196 10475.5 19
197 13386.9 25
198 10389.3 20
199 7557.6 15
200 11229.2 23
201 21732.3 46
202 26927.6 59
203 37426.8 85
204 41981.2 99
205 58296.3 143
206 48141.6 123
207 50724.3 135
208 46860.5 130
209 53254.1 155
210 51315 156
211 50683.2 161
212 43977.1 146
213 52986.8 184
214 52503.3 191
215 51662.2 197
216 31062.2 124
217 38789.7 162
218 43404.5 190
219 38547.7 177
220 49756.5 240
221 136072.6 239
222 140714.7 225
223 170361.2 254
224 157578.5 223
225 158731.5 216
226 143020.3 189
227 177576.9 230
228 157051.3 201
229 118885.9 151
230 174358.9 221
231 144652.2 184
232 167733.4 215
233 152712.3 198
234 127093.3 167
235 119144.6 159
236 103131.3 140
237 89668.1 124
238 71610.4 101
239 60415.4 87
240 58422.3 86
241 49119.6 74
242 41464.7 64
243 34120.9 54
244 27095.1 44
245 29982.3 50
246 17500.6 30
247 14181.6 25
248 10475.5 19
249 13386.9 25
250 10389.3 20
251 7557.6 15
252 11229.2 23
253 21732.3 46
254 26927.6 59
255 37426.8 85
256 41981.2 99
257 58296.3 143
258 48141.6 123
259 50724.3 135
260 46860.5 130
261 53254.1 155
262 51315 156
263 50683.2 161
264 43977.1 146
265 52986.8 184
266 52503.3 191
267 51662.2 197
268 31062.2 124
269 38789.7 162
270 43404.5 190
271 38547.7 177
272 49756.5 240
273 136072.6 239
274 140714.7 225
275 170361.2 254
276 157578.5 223
277 158731.5 216
278 143020.3 189
279 177576.9 230
280 157051.3 201
281 118885.9 151
282 174358.9 221
283 144652.2 184
284 167733.4 215
285 152712.3 198
286 127093.3 167
287 119144.6 159
288 103131.3 140
289 89668.1 124
290 71610.4 101
291 60415.4 87
292 58422.3 86
293 49119.6 74
294 41464.7 64
295 34120.9 54
296 27095.1 44
297 29982.3 50
298 17500.6 30
299 14181.6 25
300 10475.5 19
301 13386.9 25
302 10389.3 20
303 7557.6 15
304 11229.2 23
305 21732.3 46
306 26927.6 59
307 37426.8 85
308 41981.2 99
309 58296.3 143
310 48141.6 123
311 50724.3 135
312 46860.5 130
313 53254.1 155
314 51315 156
315 50683.2 161
316 43977.1 146
317 52986.8 184
318 52503.3 191
319 51662.2 197
320 31062.2 124
321 38789.7 162
322 43404.5 190
323 38547.7 177
324 49756.5 240
325 136072.6 239
326 140714.7 225
327 170361.2 254
328 157578.5 223
329 158731.5 216
330 143020.3 189
331 177576.9 230
332 157051.3 201
333 118885.9 151
334 174358.9 221
335 144652.2 184
336 167733.4 215
337 152712.3 198
338 127093.3 167
339 119144.6 159
340 103131.3 140
341 89668.1 124
342 71610.4 101
343 60415.4 87
344 58422.3 86
345 49119.6 74
346 41464.7 64
347 34120.9 54
348 27095.1 44
349 29982.3 50
350 17500.6 30
351 14181.6 25
352 10475.5 19
353 13386.9 25
354 10389.3 20
355 7557.6 15
356 11229.2 23
357 21732.3 46
358 26927.6 59
359 37426.8 85
360 41981.2 99
361 58296.3 143
362 48141.6 123
363 50724.3 135
364 46860.5 130
365 53254.1 155
366 51315 156
367 50683.2 161
368 43977.1 146
369 52986.8 184
370 52503.3 191
371 51662.2 197
372 31062.2 124
373 38789.7 162
374 43404.5 190
375 38547.7 177
376 49756.5 240
377 136072.6 239
378 140714.7 225
379 170361.2 254
380 157578.5 223
381 158731.5 216
382 143020.3 189
383 177576.9 230
384 157051.3 201
385 118885.9 151
386 174358.9 221
387 144652.2 184
388 167733.4 215
389 152712.3 198
390 127093.3 167
391 119144.6 159
392 103131.3 140
393 89668.1 124
394 71610.4 101
395 60415.4 87
396 58422.3 86
397 49119.6 74
398 41464.7 64
399 34120.9 54
400 27095.1 44
401 29982.3 50
402 17500.6 30
403 14181.6 25
404 10475.5 19
405 13386.9 25
406 10389.3 20
407 7557.6 15
408 11229.2 23
409 21732.3 46
410 26927.6 59
411 37426.8 85
412 41981.2 99
413 58296.3 143
414 48141.6 123
415 50724.3 135
416 46860.5 130
417 53254.1 155
418 51315 156
419 50683.2 161
420 43977.1 146
421 52986.8 184
422 52503.3 191
423 51662.2 197
424 31062.2 124
425 38789.7 162
426 43404.5 190
427 38547.7 177
428 49756.5 240
429 136072.6 239
430 140714.7 225
431 170361.2 254
432 157578.5 223
433 158731.5 216
434 143020.3 189
435 177576.9 230
436 157051.3 201
437 118885.9 151
438 174358.9 221
439 144652.2 184
440 167733.4 215
441 152712.3 198
442 127093.3 167
443 119144.6 159
444 103131.3 140
445 89668.1 124
446 71610.4 101
447 60415.4 87
448 58422.3 86
449 49119.6 74
450 41464.7 64
451 34120.9 54
452 27095.1 44
453 29982.3 50
454 17500.6 30
455 14181.6 25
456 10475.5 19
457 13386.9 25
458 10389.3 20
459 7557.6 15
460 11229.2 23
461 21732.3 46
462 26927.6 59
463 37426.8 85
464 41981.2 99
465 58296.3 143
466 48141.6 123
467 50724.3 135
468 46860.5 130
469 53254.1 155
470 51315 156
471 50683.2 161
472 43977.1 146
473 52986.8 184
474 52503.3 191
475 51662.2 197
476 31062.2 124
477 38789.7 162
478 43404.5 190
479 38547.7 177
480 49756.5 240
481 136072.6 239
482 140714.7 225
483 170361.2 254
484 157578.5 223
485 158731.5 216
486 143020.3 189
487 177576.9 230
488 157051.3 201
489 118885.9 151
490 174358.9 221
491 144652.2 184
492 167733.4 215
493 152712.3 198
494 127093.3 167
495 119144.6 159
496 103131.3 140
497 89668.1 124
498 71610.4 101
499 60415.4 87
500 58422.3 86
501 49119.6 74
502 41464.7 64
503 34120.9 54
504 27095.1 44
505 29982.3 50
506 17500.6 30
507 14181.6 25
508 10475.5 19
509 13386.9 25
510 10389.3 20
511 7557.6 15
512 11229.2 23
513 21732.3 46
514 26927.6 59
515 37426.8 85
516 41981.2 99
517 58296.3 143
518 48141.6 123
519 50724.3 135
520 46860.5 130
