1 892 26.3695836544809 69.2201570930125
2 685.5 18.4587085581367 76.4717925979947
3 976.3 25.7103440631189 83.064188511615
4 655.9 11.2070730531544 72.5163550498226
5 950.8 26.0638493512406 90.8030880623865
6 881.5 16.8153866782197 68.1023160467899
7 1138 22.7007720155966 88.2807800606536
8 876.5 21.0192333477747 59.69462270768
9 939.7 28.6625909287836 68.7902182290807
10 1493 50.6372439741844 77.3889955077158
11 2028.3 81.2106742982203 71.6564773219591
12 2689.6 98.4082288554905 65.9239591362024
13 2948.5 101.274487948369 69.7456379267068
14 4599.5 134.828827728998 56.1786782204159
15 4235.5 148.873497284102 40.2613860579647
16 4961.700001 150.746119891449 30.8982730212287
17 6339.1 170.408657268595 28.089339110208
18 5499 135.585520129518 28.7887063288703
19 7357.700001 197.806272517722 26.0027024905925
20 4943.5 153.230211105277 13.9300191913888
21 3440.099998 112.368821477203 34.3607140054258
22 3831.5 122.102637356618 16.3376768294067
23 2795.299999 122.102637356618 18.0574322851337
24 2219.700001 89.4272836978049 23.2166986523147
25 1963 90.2871614256684 20.6370654687242
26 1575.9 48.1531527603565 38.6944977538579
27 929 43.4773287601743 13.5421187941526
28 1037 52.0302458933233 14.2548618885817
29 1132.5 49.892016610036 15.6803480774399
30 918 42.0518425713161 9.26566022757812
31 1001 43.9684144847541 1.69109286479823
32 554 37.2040430255611 0.563697621599411
33 511 35.5129501607629 2.25479048639765
34 288 23.6753001071753 0.563697621599411
35 108 10.0892320069318 0.917202909721076
36 202 16.5096523749794 1.83440581944215
37 116.5 10.5478334617924 2.75160872916323
38 114 11.0064349166529 0.917202909721076
39 160 11.0064349166529 1.37580436458161
40 223 12.6268267238268 4.05862287551576
41 144 8.56820384831105 4.05862287551576
42 278 13.5287429183859 6.76437145919294
43 469 24.8026953503741 10.3720362374292
44 441 22.7600080368495 10.5860502496974
45 416.5 21.7014030118797 11.6446552746672
46 551 26.9944281367284 23.2893105493343
47 528 24.3479155743041 16.408377887031
48 867 34.0282279506519 38.2817564444834
49 848.5 26.1288178906792 76.5635128889668
50 867.5 22.4829363245379 77.7788067443473
51 761.4 21.2676424691575 63.8029274074724
52 767.5 17.014113975326 62.5876335520919
53 580.5 12.6935455573984 76.1612733443904
54 855.5 26.1804377121342 89.6481654991262
55 941.5 19.833664933435 92.0282052911384
56 971.299999 16.6602785440854 107.895137237886
57 974.3 17.2006740524167 113.322087874745
58 1160.7 27.3187176126618 107.251261738598
59 1134.5 21.2478914765147 107.251261738598
60 1130.2 19.2242827644657 86.0033702620834
61 918 25.2951089006128 91.9822141840464
62 1289.5 47.1408847693238 103.479990957052
63 1954.2 65.537327606133 98.8808802478499
64 3031 105.779546311653 110.378657020856
65 3152 120.726656116561 70.1364383153354
66 4141.4 110.424648127948 63.0997989302558
67 4166.700001 130.70672635553 50.7051955689556
68 6836.5 156.622715201885 39.4373743314099
69 6590 192.679743162031 48.4516313214464
70 7290.599998 193.342015104156 64.8198663354975
71 4454.700001 159.814498034071 62.5846985308252
72 4951.799999 182.166176080795 37.9978526794296
73 5698.300003 205.635438029854 46.9385238981189
74 5183.799999 175.915984626989 34.1483970158272
75 4591.899998 157.289586254719 41.3919963828209
76 2930.300003 110.723590324046 43.4615962019619
77 4166.900002 153.150386616437 37.2527967445388
78 2819.400002 137.628387972879 19.6611982818399
79 3461.299999 139.810666004396 11.150543914461
80 2085.900002 82.3424781375583 10.2928097671948
81 1652.200001 102.070363524682 12.0082780617273
82 1332 69.4764659285648 12.0082780617273
83 1489.800001 57.6613505166241 8.14042595528811
84 1201.5 50.8776622205507 2.03510648882203
85 647.099998 40.0237609468332 1.35673765921468
86 701.7 35.2751791395818 0.678368829607342
87 511.7 31.4579172509439 0.551893285104278
88 543.2 24.2833045445882 4.41514628083423
89 394 13.797332127607 3.31135971062567
90 327 14.9011186978155 3.31135971062567
91 176 14.3492254127112 0.551893285104278
92 397 22.2504976111208 1.62808519105762
93 310 13.5673765921468 4.34156050948699
94 381.8 18.9943272290056 1.62808519105762
95 713 29.8482285027231 7.59773089160223
96 996 45.8623319921655 14.0134903309395
97 1026 35.6707026605732 24.2051196625318
98 1297 40.7665173263694 36.9446563270222
99 1335 51.5951234911862 22.9311659960828
100 1027.900002 43.8755161657901 29.2503441105268
101 1055.349999 37.2941887409216 35.8316715353953
102 1250.5 43.144257563027 47.531809179606
103 1314.800002 48.9943263851323 41.6817403575006
104 1071 43.144257563027 46.0692919740796
105 1201 53.6296776235162 52.7917139106487
106 1142.2 41.898185643372 71.2269155937324
107 1223.099998 39.3842945047697 67.8750607422626
108 1308.099998 35.1944759404325 76.254697870937
109 1271 44.885708445769 103.664612362847
110 1159 33.1299276623533 127.176173929679
111 1768.5 51.2979525094502 121.832637209944
112 1718 37.4047570381408 119.695222522051
113 1067 29.146563925824 93.511892595352
114 2334.5 86.225251613896 122.658456521176
115 2912.1 106.870734394688 128.730657339056
116 3667.700001 115.37181553972 131.159537666208
117 4371.899998 143.303939301968 102.012973740384
118 7637 185.663612207499 92.8318061037494
119 8190 203.515882612066 101.162865625881
120 11292.5 205.896185332675 90.4515033831405
121 13497.399994 222.558304376938 74.9795356991822
122 10444.5 241.989346994154 87.3522520856945
123 7588.5 198.313220951306 74.3674578567399
124 9070 253.793705384112 60.2022277887895
125 8721.5 244.350218672146 23.6087167799174
126 6578 202.204287235404 38.254865152644
127 5672 221.878217885335 39.3478612998624
128 4621.5 180.344364291036 42.6268497415176
129 4189 161.763429788323 31.6968882693336
130 3778 127.880549224553 48.0918304776096
131 1577 48.0165351874679 46.2045904634125
132 2479 69.7598718761326 62.512092979911
133 1535 57.9822311697725 45.2986181013848
134 1545 73.3837613242434 33.5209773950248
135 705 30.8103469499231 25.7947090743542
136 729.699997 32.9599060394526 15.7634333232165
137 330 17.1964727162362 8.59823635811808
138 504 30.0938272534133 12.8973545371771
139 287 12.8244881273626 9.32690045626368
140 289 15.739144519945 10.4927630132966
141 197 12.8244881273626 9.32690045626368
142 154 9.32690045626368 5.8293127851648
143 236 17.4879383554944 5.24638150664832
144 142 8.02502060091021 4.58572605766298
145 319 18.9161199878598 8.02502060091021
146 395 26.94114058877 3.43929454324723
147 334 18.3429042306519 8.59823635811808
148 294 28.9303935767075 10.7647976099377
149 404 30.9487931285708 16.8199962655276
150 567 32.9671926804341 29.6031934273286
151 546 26.9119940248442 29.6031934273286
152 654 35.5296614255795 37.8468132576825
153 831.5 45.5706526980258 43.2535008659228
154 652 21.6267504329614 65.6526352429186
155 774.9 32.4401256494421 61.0183315787125
156 474 14.6752949366524 59.4735636906439
157 545.5 25.7370062426366 66.0583160227672
158 808.5 23.1633056183729 78.9268191440855
159 599 11.1527027051425 90.9374220573159
160 436 6.86320166470309 83.2163201845249
161 515 9.84720238848704 101.754424681033
162 602.5 15.317870382091 110.507493470799
163 551 10.9413359872078 129.107764649052
164 492 14.2237367833702 118.166428661844
165 406.5 19.8933381585597 80.8166862691487
166 517 21.1366717934697 94.4933562531585
167 805.5 28.5966736029295 121.846696221178
168 740 49.7333453963992 87.0333544436986
169 686 52.2200126662192 96.9800235229784
170 823 71.889550770495 88.94808824146
171 1211 98.6958239391542 79.2003525437657
172 1656.3 135.249832805508 86.5111543170364
173 1732 135.249832805508 88.94808824146
174 2432 160.733198986623 80.9708596398775
175 2861.5 184.903604849273 67.67713641542
176 4588.5 224.784774522645 39.8811696733725
177 4048 250.163700678428 32.6300479145775
178 3072 189.111045869808 40.2840097710834
179 3055 204.777049669674 27.9750067854745
180 3111.5 177.921043155618 29.0940070568935
181 2912.5 191.349046412646 26.8560065140556
182 1957.5 145.470035284468 23.4990056997986
183 1191 88.1150547060703 25.9707529659997
184 1409 109.448173213856 24.115699182714
185 654 67.7094630899277 12.057849591357
186 743 90.8976353809988 12.9853764829998
187 534 54.2839465001697 5.86853475677511
188 583 44.7475775204102 3.66783422298444
189 274 35.9447753852475 2.93426737838755
190 207 31.5433743176662 0.733566844596888
191 259 31.6304076721099 2.38720057902716
192 198 23.8720057902716 4.17760101329753
193 266 22.0816053560012 7.16160173708148
194 222 19.6944047769741 11.339202750379
195 220 24.4688059350284 4.17760101329753
196 235 23.4741390271004 5.86853475677511
197 213 18.7793112216803 11.7370695135502
198 189 16.4318973189703 11.7370695135502
199 135 15.8450438432928 6.45538823245262
200 387 33.7515348532663 22.7306255134243
201 393.5 36.5067621882268 26.863466515865
202 408 33.7515348532663 25.4858528483848
203 456 33.0627280195262 33.7515348532663
204 837 54.5624532343896 48.2363716999676
205 884.8 60.0977745770088 51.3994124671786
206 1032.8 67.2146163032335 59.307014385206
207 836.5 53.7716930425868 64.0515755360225
208 1591.799999 85.4021007146967 150.244436442522
209 739.28 41.3808514183377 82.7617028366754
210 613 28.1389789644696 99.3140434040105
211 809.16 24.8285108510026 114.211149914612
212 677.11 14.8971065106016 109.245447744412
213 739.25 15.8326735861466 160.437759006286
214 832.75 23.221254593015 144.605085420139
215 1209 44.3314860412105 167.826340013154
216 1028 29.5543240274737 108.717691958207
217 1329.75 44.3794638399564 149.930621080934
218 2289.65 68.3683632129058 160.725625798761
219 2953.66 92.3572625858552 183.515080203063
220 2674 124.742276739337 148.731176112286
221 4943.959999 177.517855359826 124.742276739337
222 5902.700002 209.231180330865 124.598343343099
223 6304.949997 198.652075707394 103.440134096158
224 7129.055008 236.266669924179 98.7383098190597
225 10943 265.653071656042 85.80829305704
226 9610.880001 287.967545852759 44.3026993619629
227 7012.959999 270.479638209879 46.6344203810136
228 6940.550003 286.801685343234 26.8147917190828
229 6623.710004 258.821033114626 32.6440942667095
230 6481.080001 237.490103792199 39.9415174559607
231 5182.599998 192.151083977325 43.1800188713089
232 3671.1 156.527568408495 36.7030160406126
233 4151.38 189.992083033759 39.9415174559607
234 3641.4 160.845570295626 43.1800188713089
235 2017.9 96.6368822339894 19.6852908254423
236 1525.080005 67.1089459958259 34.8966519178295
237 1480.699999 73.372447622103 11.6322173059432
238 1245.8 64.4245881559929 25.0540065051084
239 1210.2 62.2751827721766 7.07672531502007
240 857.6 57.3214750516626 0
241 742.5 49.5370772051405 2.83069012600803
242 503.5 30.4299188545863 1.41534506300401
243 368.5 26.4837449077361 0.575733584950786
244 146.4 14.9690732087204 0
245 108.8 12.0904052839665 0
246 179 13.8176060388189 1.72720075485236
247 151 14.9690732087204 3.45440150970471
248 268.5 24.9100731088707 3.39682815120963
249 356 29.4391773104835 5.66138025201606
250 420.700001 25.4762111340723 9.6243464284273
251 310 16.9841407560482 7.35979432762088
252 861.8 53.1594010104559 13.9543427652447
253 572.9 27.2441930178586 15.9478203031368
254 854.5 34.5536106567963 40.5340432704726
255 1381.12 56.4818635736094 46.5144758841489
256 1833.979999 78.5732410061585 57.9763720045441
257 1420.2 60.2649130047235 70.1819240055008
258 1506.100002 64.0791480050224 81.6246290063976
259 1439.899999 55.6878310043647 69.419077005441
260 1117.599999 50.3479020039462 64.8419950050822
261 1030.999999 37.8390268643746 89.9727972108464
262 1269.700001 56.3381066647356 90.8136644744991
263 873 42.0433631826385 81.5641245743187
264 1026.69 48.7703012918606 89.9727972108464
265 1476.919999 86.8652442799557 131.906482054748
266 1854.210002 100.806579781677 131.906482054748
267 2540.289996 129.761661208329 105.096221474514
268 2186.2 99.7341693584676 78.2859608942811
269 3338.350003 146.23778498309 119.427524402857
270 4732.3 215.700732850058 137.707247525743
271 5022.2 208.388843600904 149.893729607668
272 6119.099998 221.79397389102 118.208876194665
273 7705.2 243.729641638484 102.366449488163
274 7155.100001 206.609617216943 88.3763680581143
275 9483.800001 226.912296365429 78.8221661058857
276 12722.199995 286.626058566857 99.1248452543714
277 12710.450001 287.820333810886 94.3477442782571
278 12183.250003 273.62551948186 107.791871311036
279 10433.399996 244.012368022785 91.2085064939535
280 12010.19999 242.827841964422 98.3156628441317
281 8585.699994 200.184903863352 108.976397369399
282 6376.100004 149.162540682752 72.3877035666297
283 5335.400008 134.904356646901 81.1619706656152
284 4818.199997 130.517223097408 96.5169380888397
285 4571.700003 118.452605836303 84.4523208277347
286 2903.599999 93.2265879267201 71.2909201792566
287 2375.3 79.0927060081044 24.5460122094117
288 2269.1 100.00227196427 31.8189047159041
289 888.2 49.0920244188234 31.8189047159041
290 1688.3 100.911383527582 38.1826856590849
291 1060.300001 61.8342100836834 10.7850366425029
292 972.1 56.8011929838487 14.3800488566706
293 442.6 35.9501221416764 7.19002442833528
294 413.999999 33.7931148131758 7.9090268711688
295 174.7 9.35921823891779 4.67960911945889
296 405.3 26.9077524368886 5.26456025939125
297 230.4 12.868925078512 7.6043648191207
298 306.899999 25.1528990170915 8.18931595905306
299 188.7 9.94416937885015 8.77426709898542
300 498.1 32.211309438942 11.5040390853364
301 510.7 26.4592898962738 16.105654719471
302 604.4 28.7600977133411 23.5832801249397
303 402.3 17.8312605822715 29.3352996676079
304 493.1 18.9036710054808 33.0814242595914
305 862.8 46.5840464063634 46.5840464063634
306 1025.6 57.3861441237811 37.132210903623
307 1247.2 64.8125863045057 33.75655536693
308 1228.9 64.3300016140615 38.753013020519
309 1423.1 71.3055439577549 53.4791579683162
310 1960 103.08301463458 59.6796400515992
311 1742.8 92.2321709888351 66.6551823952926
312 1171.7 69.7554234369341 72.0806042181652
313 930.4 42.7533370683827 75.0200065539545
314 1537.3 76.6333400282331 83.0866739253475
315 1043.8 50.8200044397756 87.9266743481833
316 1039.499999 41.9466703312434 111.320009725223
317 1214.6 55.554787462115 140.944553376107
318 1142.1 67.9002957870294 130.656629772011
319 1035.7 58.6411645433436 109.051990203411
320 1293.100001 70.986672868258 112.13836728464
321 1090.200001 64.2995225255961 91.1884137635726
322 1541.799999 90.0193315358345 114.570058318335
323 1823.7 94.6956604467869 118.077305001549
324 2747.300001 126.260880595716 102.879236040954
325 2197.300003 129.76812727893 100.541071585477
326 3159.4 164.980883978402 84.7818431555677
327 3645.8 183.312093309336 80.1990408228344
328 3750 179.874991559786 61.8678314919008
329 4309.5 209.663206722553 87.0732443219344
330 4675.100005 217.042453744036 72.7262672231324
331 5196.300002 276.132545862831 47.7266128651806
332 4414.200001 285.223329265722 39.7721773876505
333 3621.200001 255.678283206325 27.2723502086746
334 3875.2 238.843499126896 33.6695681588576
335 4685.800001 277.773937310575 25.2521761191432
336 3696.200002 244.104369151717 42.086960198572
337 2609.1 197.808712933288 38.9304381836791
338 1740.3 115.739140546073 44.1913082085006
339 2240.399999 122.098947864968 39.2460903851684
340 2112.399999 136.05311333525 64.5380153000546
341 1594.6 114.249729787935 58.4330679068062
342 1268.4 117.738271155505 39.2460903851684
343 819.2 62.7680248072591 18.6234798878681
344 733.8 77.2529536089343 5.51806811492388
345 205.5 23.4517894884265 0.689758514365485
346 518.9 60.0089907497972 2.75903405746194
347 251.8 28.6191329350289 0.561159469314293
348 185 20.7629003646288 0.561159469314293
349 263.6 27.4968139964003 1.68347840794288
350 240.1 25.8133355884575 1.12231893862859
351 231.1 17.9571030180574 5.05043522382864
352 138.5 12.6915566643249 3.86264768044672
353 177 16.5542043447716 4.96626130343149
354 139.5 13.2433634758173 5.51806811492388
355 177.4 13.2433634758173 12.6915566643249
356 252.4 21.3731612875081 16.1917888541728
357 345.7 29.792891491678 22.020832841675
358 543.1 38.2126216958479 34.3265923708464
359 812.9 51.8137243333531 38.8602932500148
360 802.1 54.278149669425 49.0733955915349
361 1182.3 69.1488756062537 52.7910770757421
362 651.7 39.4074237325962 44.6121778104863
363 963.8 50.5604681852178 73.6100933873024
364 912.6 55.7652222631079 68.4053393094123
365 1082.399999 68.0471760461529 65.6169197587903
366 863.199998 55.0858091802191 76.1480303373616
367 930.600001 45.3647840307686 85.869055486812
368 933.9 43.7446131725269 85.0589700576912
369 1250.6 98.1494809775429 98.1494809775429
370 1002.7 71.2875177626364 89.8842615268024
371 848.799999 57.8565361551832 72.320670193979
372 1000.9 65.0886031745811 69.2212128999513
373 826.9 46.9614741519344 66.9201006665065
374 1018.1 49.3095478595311 66.9201006665065
375 1069.5 61.0499163975147 70.4422112279016
376 1384.5 66.9201006665065 58.701842689918
377 2147.2 97.4450588652639 54.0056952747246
378 4014.399999 104.700606621738 48.3233569023405
379 6776.199999 131.163397306353 57.5278058361196
380 7211.299999 155.325075757523 66.7322547698988
381 9781.900005 182.93842255886 59.8289180695644
382 8902 203.127160296777 46.7877166975723
383 8781.299999 171.174573283801 61.6228463821683
384 9353.499999 186.009702968397 42.2230614100042
385 10986.199994 212.256470871913 53.6346996289243
386 8956.799996 175.401105957475 29.5857287157187
387 7677.6 154.268442589105 52.8316584209262
388 6369.499999 135.249045557571 61.2847237682744
389 6298.6 145.815377241756 65.5112564419485
390 5110.8 128.90924654706 57.0581910946003
391 3828.1 92.8381382509591 49.0465636042803
392 2978.099999 83.2039918286898 49.9223950972139
393 3428.3 90.2106437721584 42.9157431537453
394 2124.899999 82.3281603357562 16.640798365738
395 1411.600001 50.5657672930954 12.4682713873386
396 1123.1 62.3413569366929 0
397 1329.5 55.4145394992826 0
398 1305.2 54.0291760118005 0.692681743741032
399 866.1 29.3039598708071 0.563537689823213
400 393.7 24.2321206623982 0
401 147 10.1436784168178 0.563537689823213
402 258.9 14.0884422455803 0
403 216.7 8.45306534734819 0.563537689823213
404 161 9.97461710987087 0.554145394992826
405 271.5 13.2994894798278 1.10829078998565
406 327.5 18.2867980347633 1.10829078998565
407 206 12.745344084835 2.2165815799713
408 280.5 15.609994008103 1.30083283400858
409 491 33.1712372672189 5.20333133603433
410 530 34.4720701012275 6.50416417004292
411 438.4 24.0654074291588 13.0083283400858
412 833.4 29.8674975606303 17.9204985363782
413 1278.1 47.0413086579927 33.6009347557091
414 1656.5 67.2018695114181 23.1473106094885
415 1728.199999 66.4551820724024 30.614184999646
416 1566.300001 71.6819941455127 38.0810593898036
417 1331.2 53.8558160469382 56.3803074241384
418 1287.1 53.0143189212048 62.2707873042723
419 1658.3 57.2218045498718 71.5272556873398
420 1635.3 78.2592326932071 53.0143189212048
421 1553.1 83.7106705946974 70.8321058878209
422 2092.4 116.980296087462 85.8570980458435
423 1986.4 104.101731380585 80.4910294179783
424 1808.8 93.3695941248548 91.2231666737087
425 1222.5 54.8802473304397 47.5628810197144
426 2619.300001 86.5888346769161 80.4910294179783
427 4264.4 131.712593593055 132.932154644843
428 4954.600001 170.738547250257 119.51698307518
429 4037.5 151.225570421656 97.564884143004
430 5249 132.66385121345 123.102492567435
431 6930.4 182.860984105025 89.6377373063849
432 7844.999997 217.520909196827 62.1488311990935
433 9588.099999 280.864910226673 40.6357742455612
434 12213.100004 277.386722106975 18.9666134774
435 12940.700002 263.161761998925 28.4499202161
436 11906.199996 266.718002025937 26.079093531425
437 9924.600007 240.638908494512 14.22496010805
438 7639.199997 183.300026083669 9.87844451947915
439 9319.299995 206.349729962453 21.9520989321759
440 8611.6 226.106619001412 36.2209632380902
441 7142.699999 215.130569535324 25.2449137720023
442 4275.000003 160.250322204884 18.6592840923495
443 3341.6 114.633860623823 14.5566807141362
444 3678.437 135.559089150393 15.4664732587697
445 2392.990001 101.896764998953 13.6468881695027
446 1082.3 56.4071377672778 16.3762658034032
447 622 38.1356740893967 7.9149512261012
448 202 10.0735742877652 2.15862306166396
449 416.7 24.4643946988582 0
450 151 7.19541020554654 0.719541020554654
451 128.9 8.78083957287036 0.585389304858024
452 159.700001 8.19545026801234 0
453 152 5.85389304858024 0
454 205 6.43928235343826 0
455 100 7.02467165829629 0
456 181 5.18069534799351 0
457 323.7 10.361390695987 1.72689844933117
458 136.3 6.90759379732468 3.45379689866234
459 142.8 8.63449224665585 3.45379689866234
460 214.1 14.1883732764964 4.05382093614182
461 601.4 27.7011097303024 15.539646921877
462 550.5 25.6741992622315 14.1883732764964
463 997.5 36.4843884252764 25.6741992622315
464 1307.299998 58.1730621702661 29.4743514996015
465 1676.6 72.13459709113 30.2499923285384
466 1537.2 72.13459709113 24.0448656970433
467 1583.9 75.2371604068775 38.0064006179072
468 1286 52.743576367708 49.6410130519604
469 1398 54.7347782285167 74.8041969123062
470 1566.800001 78.4531821275407 83.0144136465837
471 1573.700001 77.5409358237321 86.6633988618182
472 1858.5 95.7858618999043 76.6286895199234
473 1651.8 110.527233331015 70.9701182441251
474 2184.1 134.959569119976 75.6238964896415
475 2000.3 111.690677892394 91.9121203489489
476 2235 133.796124558596 81.441119296537
477 1489.6 91.2246303808612 48.9175554216212
478 3725.400001 174.516684206865 42.30707495924
479 4342.700002 204.924894333819 52.88384369905
480 5023.4 214.179566981152 68.748996808765
481 4949.699998 251.198257570487 33.0524023119062
482 5520.300001 243.582984077824 27.2087375831612
483 7572.899999 235.809059054064 19.4348125594009
484 8170.199999 309.661346779787 28.5043917537879
485 8530.099995 274.678684172866 28.5043917537879
486 7965.100002 236.454241947192 24.4164706358514
487 11445.499996 301.993189443425 42.4075542622682
488 8376.799998 276.291641405687 25.7015480377383
489 8110 267.296099592478 25.7015480377383
490 7913.699995 260.585139827069 19.038183731658
491 5808.599999 220.128999397296 27.3673891142584
492 4837.600001 190.38183731658 51.1651187788309
493 2216.100001 99.9504645912045 44.0257998794591
494 1827.100001 77.3426214098606 45.2156863626877
495 3651.599997 116.381474828499 28.6022268646312
496 1982.5 80.8752621689572 8.87655316488554
497 1961.199999 103.559786923665 11.8354042198474
498 1275.4 77.9164111139953 4.93141842493641
499 1239.800004 46.8022016736592 1.56007338912197
500 1268.4 51.4824218410252 0
501 507.200001 31.9815044770005 1.56007338912197
502 544.9 31.9815044770005 0
503 199.2 12.0575163633834 0
504 259.900001 13.3267286121606 1.2692122487772
505 503.4 23.4804266023782 0
506 121 8.2498796170518 0
507 249.5 14.5959408609378 0
508 110.2 9.98446969038064 0
509 176.4 14.3526751799222 1.87208806694637
510 144.6 11.2325284016782 3.74417613389274
511 364.399998 17.4728219581661 2.49611742259516
512 288.599999 17.5785896455642 3.66220617615921
513 301.7 19.7759133512597 8.78929482278211
514 628.4 34.4247380558966 15.3812659398687
515 661.199999 40.2842679377513 16.8461484103324
516 754.799999 36.9975370518554 27.7481527888915
517 1204.699999 58.8597180370427 23.5438872148171
518 1559.6 85.7670177111193 33.6341245925958
519 1287.899999 75.6767803333405 41.2018026259299
520 3364.199998 169.011476077794 85.7670177111193
521 1611.1 112.269988269819 36.4637568739585
522 1642.600001 110.35084317119 39.3424745219025
523 2180.6 111.310415720505 43.1807647191613
524 2476.9 99.7955451287284 40.3020470712172
525 3210.4 161.541952649848 63.6377389226674
526 3597.500001 156.646741963489 77.0995683101547
527 3730.199999 166.437163336207 74.6519629669752
528 3043.399999 110.142240443078 41.6092908340518
529 3156.6 136.287115699768 89.0038306610733
530 4262.899999 172.444921905829 91.7852003692318
531 5274.399999 196.086564425177 50.0646547468537
532 11485 262.839437420982 70.9249275580428
533 10343.799998 268.402176837299 63.9715032876464
534 12952.100007 248.042550573579 58.6034597509004
535 16434.800001 318.911850737458 27.2574231399537
536 13233.199997 286.202942969514 17.7173250409699
537 12866.7 273.937102556535 20.4430673549653
538 14617.500001 229.796765288059 25.683167885136
539 15972.799999 294.680557839981 16.2209481379806
540 11541.699996 240.610730713379 31.0901505977962
541 7716.7 178.430429517787 25.683167885136
542 11668.299999 251.57489010294 25.0323273734269
543 8529.700001 212.774782674128 17.5226291613988
544 9086.200001 229.045795466856 40.051723797483
545 8042.700002 226.542562729513 21.2774782674128
546 4693 172.723058876645 36.296874691469
547 3963.8 137.980969852037 26.9737234297215
548 3671.5 119.306853631461 25.9362725285784
549 2789.299999 105.8199919166 22.823919825149
550 2313.9 89.2207774983096 15.561763517147
551 1565.5 68.1018373042618 3.28201625562708
552 1592.5 68.1018373042618 2.46151219172031
553 1244 57.4352844734738 3.28201625562708
554 936 47.5892357065926 4.92302438344062
555 734 33.3764364979025 2.6701149198322
556 486 28.7037353881961 0.66752872995805
557 565 32.7089077679444 0.66752872995805
558 422 15.3531607890351 4.67270110970635
559 279 13.350574599161 3.33764364979025
560 219 11.1588552691321 1.31280650225083
561 269 16.4100812781354 0
562 215 10.5024520180066 2.62561300450166
563 140 6.56403251125415 3.28201625562708
564 244.5 17.7201064106781 0
565 477.5 33.1288945938764 2.31131822747975
566 597.7 40.8332886854755 4.62263645495949
567 1566.4 62.4055921419532 3.08175763663966
568 2034.9 76.9493743459142 10.613706806333
569 2290.7 97.2923123913857 29.1876937174157
570 2104 89.332032286636 19.4584624782771
571 1896.9 78.718325480303 40.6858760909431
572 1607 56.6064363004426 58.3753874348314
573 1621.1 61.3792906787949 78.9162308727363
574 2030.9 80.8647797831743 86.7104265144881
575 1754.599999 65.2763884996708 90.6075243353639
576 900.5 28.2539592013501 74.0448585966415
577 1285.200002 57.1574347061794 121.77018698273
578 1890.599997 65.8553052049459 142.893586765449
579 2086.3 78.2808344888979 129.225504553101
580 2025.8 86.9787049876643 100.646787200012
581 2683.3 101.663421414153 104.487405342324
582 2666.000002 101.663421414153 125.667284803606
583 3777.9 138.375212480375 67.7756142761021
584 5370.799997 201.914850864221 70.599598204273
585 4803 186.382939259281 42.3597589225638
586 6468.7 242.156621840656 53.9663328673463
587 7186.700002 220.016587843796 47.0475722433275
588 9167.9 243.54037396546 20.7562818720563
589 10747.5 287.82044195918 33.21005099529
590 10155.3 263.511588305485 26.0766675927303
591 10452.699999 293.705624465488 16.4694742690928
592 8176.700001 266.256500683667 15.0970180800017
593 5900.8 215.475621687298 17.8419304581839
594 5038.6 174.098609171737 12.7079276767691
595 3576 144.870375515168 11.4371349090922
596 4171.600001 165.203059797999 8.8955493737384
597 3449.6 147.411961050522 12.7079276767691
598 3315.2 142.328789979814 11.4371349090922
599 1619.5 66.3607983280884 8.42676804166202
600 2960 108.494638536399 4.21338402083101
601 2177.4 94.8011404686978 3.16003801562326
602 1992.1 87.4277184322435 5.26673002603877
603 2062.5 72.4775475165066 0.833075258810421
604 1673 61.6475691519712 0
605 1234 56.6491175991086 0
606 588 30.8237845759856 0.833075258810421
607 305 19.6549281400696 0.677756142761021
608 435 23.7214649966357 2.03326842828306
609 187 13.5551228552204 0
610 8 0.677756142761021 0.677756142761021
611 88 6.77756142761021 0.677756142761021
612 77 5.99814186343503 0
613 141 9.33044289867672 0
614 209 6.66460207048337 0
615 199 7.33106227753171 0
616 430.2 24.2495499912037 0
617 545.2 31.2897419241338 0
618 1015.9 41.4589080494773 0
619 858.8 46.1523693380974 0
620 1457.4 75.4342586893016 0.898026889158352
621 1792.3 84.4145275808851 3.59210755663341
622 1937.9 92.4967695833103 4.49013444579176
623 1435 74.5362318001433 16.1644840048503
624 1456.4 73.6382049109849 10.7763226699002
625 1972.999999 96.8995827092264 56.7694524963145
626 1752.9 88.0905297356604 49.9179668502075
627 1374 52.8543178413962 50.8967505139371
628 1956.6 85.1541787444717 57.748236160044
629 2232.200001 118.588861286654 54.925367332766
630 2434.900002 114.843949877602 49.9321521206964
631 3986.900002 138.561722134932 73.6499243780272
632 3929.100004 136.065114528898 58.6702787418183
633 5411.400002 143.271231937225 25.5334868799016
634 8411.499999 224.12727372358 25.5334868799016
635 13111.299994 289.379517972218 8.51116229330052
636 12955.2 263.846031092316 12.7667434399508
637 15164.900001 276.612774532267 9.92968934218394
638 20311.900001 284.982084120679 0
639 16777 264.129736502093 1.39015650790575
640 22970.3 337.808031421098 2.7803130158115
641 16533.200001 265.519893009999 0
642 12119.6 182.002694479938 1.37880829151468
643 12766.1 279.898083177481 5.51523316605874
644 12021 286.792124635054 1.37880829151468
645 7377.9 184.760311062968 5.51523316605874
646 12010.5 252.781520111025 5.10669737598031
647 9852.2 233.631404951099 6.38337171997539
648 5462.4 164.690990375365 11.4900690959557
649 4704.1 151.924246935414 25.5334868799016
650 4721.6 157.030944311395 24.2568125359065
651 4510 131.219426129912 13.7568753200714
652 4105.5 124.87009905911 2.11644235693406
653 2363.4 79.3665883850274 4.23288471386813
654 2842 80.4248095634944 4.23288471386813
655 2696 66.9544767072974 0
656 1060 32.6403073948075 0.836930958841218
657 508 19.249412053348 0
658 448 26.781790682919 0
659 917 25.1930403881695 0
660 169 8.1707158015685 0
661 19 2.04267895039212 0
662 214 4.76625088424829 0
663 553 9.53250176849658 0
664 446 15.3995296426784 0
665 147.5 8.03453720487569 0
666 646 20.0863430121892 0
667 574.1 17.4081639438973 0.669544767072974
668 666.5 22.0041915822796 0
669 820.4 22.790055567361 4.71518391048849
670 927 26.7193754927681 7.07277586573273
671 1878.5 53.4387509855362 14.9314157165469
672 2716.5 77.5877554657275 11.7283816401681
673 2492.1 80.2943050749971 16.2392976556174
674 1879.5 70.3702898410087 29.7720457019652
675 1609.5 47.8157097637623 39.6960609359536
676 2148.5 72.1746562471884 37.8916945297739
677 2405 68.2283754115201 68.2283754115201
678 1428.7 39.7998856567201 57.8045958347601
679 1185.5 24.63802445416 57.8045958347601
680 2183.24 56.8569795096001 104.2377957676
681 1447 42.2993953839537 74.9303575372894
682 1560.1 45.9250578454355 111.186982152107
683 2272.2 73.7218033834622 116.021198767416
684 2226.2 88.2244532293892 72.5132492296349
685 1973 75.5346346142031 63.1744216773335
686 2822.2 86.5214905580871 82.4014195791306
687 5707.05 177.163052095131 60.4277076913624
688 5011 174.41633810916 49.4408517474784
689 5019 170.296267130203 21.9737118877682
690 6194.9 176.31157075948 21.5342376500128
691 9131.7 226.109495325134 14.8047883843838
692 10078.2 196.499918556367 10.7671188250064
693 12013.9 235.530724297015 1.3458898531258
694 11759.2 252.296666467382 2.66980599436383
695 12328.3 217.589188540652 2.66980599436383
696 16072.5 237.612733498381 2.66980599436383
697 13489.7 236.277830501199 2.66980599436383
698 9598 173.042981116174 3.70806388106088
699 9629.2 184.167172759357 7.41612776212175
700 6079.6 132.254278424505 11.1241916431826
701 7896.8 177.987066290922 9.88817034949567
702 6482.6 159.446746885618 9.88817034949567
703 4518 111.673150527624 6.14714590060314
704 4057.6 101.427907359952 6.14714590060314
705 4263.5 113.722199161158 4.09809726706876
706 3332.8 101.427907359952 0
707 2421.1 61.5813275654703 0
708 1269.9 38.0831894154882 0.810280625861451
709 1238.6 39.7037506672111 0
710 573 12.9644900137832 0
711 343 6.59211356633045 0
712 232 3.95526813979827 0
713 177 5.27369085306436 0
714 104 3.29605678316522 0
715 14 1.97763406989913 0
716 54 5.83402050620245 0
717 69 5.83402050620245 0.648224500689161
718 42 4.53757150482413 0
719 43 4.53757150482413 0
720 329 14.4559557081655 0.760839774113973
721 252 13.6951159340515 0
722 788.4 29.6727511904449 0
723 921.5 30.4335909645589 1.52167954822795
724 1048.2 42.7992973294004 1.74691009507757
725 1479.1 46.2931175195556 12.228370665543
726 2103.3 61.1418533277149 16.5956459032369
727 1754.1 55.0276679949434 19.2160110458533
728 1606 48.0400276146331 32.317836758935
729 1686.7 47.4202272444128 52.5745997709794
730 1601.2 56.6980977922327 48.4511017497261
731 2046.7 75.2538388878725 75.2538388878725
732 1451.7 60.821595813486 62.8833448241126
733 1534.9 80.199048471332 70.9958789746218
734 1850 99.9201259642825 73.6253559736819
735 1841 107.808556961463 40.756893485431
736 1309.5 78.884309971802 32.8684624882508
737 882 55.2787778211491 10.4581471553525
738 1069 49.3026937323763 7.4701051109661
739 2955.4 141.931997108356 20.9162943107051
740 3676.1 171.81241755222 10.4581471553525
741 3865.5 134.46189199739 14.9402102219322
742 8187.4 193.266559430915 24.890390229739
743 11224.7 193.266559430915 14.6414060174936
744 7804.9 187.409997023917 7.32070300874678
745 11050.1 209.372106050158 5.85656240699742
746 11521 249.776410574351 8.71313060143086
747 8319.5 201.854192266482 8.71313060143086
748 7063.3 191.688873231479 5.80875373428724
749 5422.3 184.42793106362 4.35656530071543
750 4703.4 157.320413636946 14.7908081197129
751 3562.6 129.083416317494 6.72309459986949
752 2029.5 91.4340865582251 0
753 682.7 38.993948679243 0
754 465 25.5477594795041 2.6892378399478
755 518 20.0617142860106 3.34361904766843
756 509 26.7489523813474 2.22907936511228
757 115 6.68723809533685 2.22907936511228
758 124 11.1453968255614 1.11453968255614
759 88 6.170306821658 1.762944806188
760 46 3.525889612376 0.881472403094
761 58 5.288834418564 0
762 47 7.933251627846 0
763 18 2.15139027195824 0
764 116 5.73704072522196 0
765 34 2.86852036261098 0
766 23 2.86852036261098 0
767 8 1.43426018130549 0
768 18.3 2.8207116899008 0
769 15 2.8207116899008 0
770 25 4.9362454573264 0
771 42 4.2310675348512 0
772 94.5 9.10456410924548 0
773 200 12.4153146944257 2.48306293888513
774 530 30.6244429129166 0.827687646295044
775 389.3 20.6921911573761 4.13843823147522
776 544.5 19.9541447724126 4.75098685057444
777 1471.5 55.1114474666635 3.80078948045955
778 2174.4 67.464013278157 10.4521710712638
779 2204.3 62.7130264275826 23.7549342528722
780 4589.1 120.675066004591 58.912236947123
781 1663 44.0236520355658 29.0155888416229
782 1947.6 48.0258022206173 33.0177390266744
783 1928.2 49.0263397668801 35.0188141192001
784 2582 76.0408535159773 35.0188141192001
785 2181 82.9431125307762 26.7970055868662
786 2166.4 82.9431125307762 48.4898196333769
787 2662.4 88.0473040711317 54.8700590588212
788 1553.7 63.8023942544432 37.0053886675771
789 1015.2 36.2513603718428 39.1514692015902
790 3359.8 85.5532104775489 82.6531016478015
791 4436.5 120.354516434518 55.102067765201
792 6091.9 137.755169413002 36.2513603718428
793 6798.8 145.005441487371 26.1009794677268
794 8328.2 156.315865923386 28.4210665315247
795 12656.3 153.473759270233 14.2105332657624
796 17715.1 217.421158966164 0
797 15330.1 203.210625700402 1.42105332657624
798 13638.2 183.228875863442 2.81890578251449
799 9358 119.803495756866 0
800 9583.5 157.858723820812 2.81890578251449
801 7799.4 152.220912255783 15.5039818038297
802 6750.4 122.674603498316 11.7454407604771
803 6581.4 129.199848365248 15.6605876806361
804 7147 120.064505551543 28.7110774144995
805 4250.8 108.319064791066 19.5757346007951
806 3238.5 92.6584771104301 23.4908815209541
807 2497.5 64.9044356097473 8.6539247479663
808 1959.4 59.4957326422683 6.49044356097473
809 586.3 19.4713306829242 7.57218415447051
810 1218.4 54.0870296747894 17.3078494959326
811 626.4 24.8104310384892 10.2663852573059
812 298 16.2551099907343 0.855532104775489
813 350.7 17.1106420955098 0
814 100 7.6997889429794 0
815 155 9.74436566795133 0
816 79 6.26423507225443 1.39205223827876
817 90 6.96026119139381 0
818 93 7.65628731053319 2.78410447655752
819 212.5 8.35231342967257 9.04833954881195
820 257.5 10.2663852573059 11.6352366249466
821 123 8.89753388966508 4.10655410292235
822 120 7.5286825220243 4.10655410292235
823 175 9.58195957348548 0.684425683820391
824 348 20.0832536460009 0
825 1274.3 40.1665072920018 0
826 1367.4 42.5764977295219 0
827 1178 31.3298756877614 0
828 1091 44.2672611772646 1.84446921571936
829 847 39.6560881379662 4.6111730392984
830 942 35.9671497065275 9.2223460785968
831 1380 47.9561996087033 11.9890499021758
832 1076 39.6560881379662 12.9112845100355
833 792 29.6198564405805 14.8099282202903
834 689 24.6832137004838 19.746570960387
835 595 26.6578707965225 8.88595693217416
836 1365.5 54.3030701410643 17.7719138643483
837 1172 45.3312585525406 40.2944520467028
838 1047.5 33.9984439144055 40.2944520467028
839 1849.3 75.5520975875677 52.8864683112974
840 982 56.6640731906758 30.2208390350271
841 942.8 57.2364375663392 35.772773478962
842 2532.2 108.749231376044 30.0491297223281
843 1925.8 101.594676680252 32.910951600645
844 3075.9 117.334697010995 17.1709312699018
845 2486.8 101.594676680252 14.3091093915848
846 6946 134.62010115603 11.2183417630025
847 7590.6 159.861370122785 5.60917088150124
848 7679.8 137.42468659678 8.41375632225186
849 11352.2 162.665955563536 4.20687816112593
850 10712.3 129.34862525617 2.78169086572409
851 15638.8 148.820461316239 12.5176088957584
852 15164.5 172.464833674893 19.4718360600686
853 14712.2 197.50005146641 15.2992997614825
854 9394.6 140.372363131447 27.0442167500953
855 8146.4 153.250561583873 21.8929373691247
856 6793.4 124.918524988535 14.166018297669
857 7884.7 136.508903595719 24.46857705961
858 4490.7 100.449947928925 29.6198564405805
859 3596.2 71.5197905610191 17.0793529697956
860 3884.9 57.6428162730602 19.2142720910201
861 3768.1 71.5197905610191 6.40475736367336
862 1200.9 30.9563272577546 3.20237868183668
863 1572 33.7694981641401 3.37694981641401
864 980 22.7944112607946 2.53271236231051
865 477.2 10.130849449242 4.22118727051752
866 196.1 5.90966217872452 3.37694981641401
867 97 3.43418625398035 4.12102350477642
868 439 7.55520975875677 6.18153525716463
869 212 5.49469800636856 5.49469800636856
870 114 4.80786075557249 0
871 305 8.24204700955285 0.68683725079607
872 64 2.02616988984841 0.675389963282803
873 105 2.70155985313121 1.35077992656561
874 116 3.37694981641401 1.35077992656561
875 106 4.05233977969682 0
876 298 9.51269592352558 0.792724660293798
877 394 10.3054205838194 4.75634796176279
878 878 21.4035658279325 3.17089864117519
879 1656.5 30.9162617514581 3.17089864117519
880 1641.1 36.4023742921917 0
881 2611.6 50.9633240090684 1.82011871460959
882 2543.2 53.6935020809828 0.910059357304793
883 2419 62.7940956540307 3.64023742921917
884 1510.3 48.233145937154 8.19053421574314
