# Minimum negative log likelihood

Minuit did successfully converge.
# of function calls: 473
minimum function Value: 244.0075270704
minimum edm: 1.849889599728e-06
minimum internal state vector: LAVector parameters:
       -1.1527205706
     -1.287002217587
     -1.393690419052
     -1.541999093936
      -1.54342410523
    -0.0972262368018
     -1.044785742649
     -1.342768028367
      -1.14851820963
     -1.188606890893
      -1.39933114821

minimum internal covariance matrix: LASymMatrix parameters:
   3.383352e-06              0 -2.7153091e-08 -1.6407148e-07 -1.8645263e-07  4.5523485e-07 -4.3807186e-06 -5.7976058e-07 -1.0687685e-06 -7.4505961e-07 -1.9064192e-07
              0              2              0              0              0              0              0              0              0              0              0
 -2.7153091e-08              0  3.3136887e-05   9.783859e-08  1.1419359e-07  2.6225666e-08 -6.1550486e-07  4.9310904e-08 -8.7262903e-08 -9.2592956e-08 -2.9206128e-08
 -1.6407148e-07              0   9.783859e-08  3.3229957e-07  2.5684521e-07 -2.6774205e-08  1.5022912e-07  8.2450403e-08  4.7115057e-08  3.6608125e-08  1.1030293e-08
 -1.8645263e-07              0  1.1419359e-07  2.5684521e-07   2.050165e-07 -2.6873527e-08  2.1346394e-07   6.082081e-08   5.395416e-08  4.0049228e-08  1.1175522e-08
  4.5523485e-07              0  2.6225666e-08 -2.6774205e-08 -2.6873527e-08   8.768199e-08 -6.7833472e-07 -7.2479413e-08 -1.3005589e-07 -9.3516461e-08 -2.5709149e-08
 -4.3807186e-06              0 -6.1550486e-07  1.5022912e-07  2.1346394e-07 -6.7833472e-07   9.112909e-06  6.8837969e-07  1.3292671e-06  8.8744772e-07   2.026153e-07
 -5.7976058e-07              0  4.9310904e-08  8.2450403e-08   6.082081e-08 -7.2479413e-08  6.8837969e-07  4.4218968e-07   1.709854e-07  1.1961968e-07  2.8452404e-08
 -1.0687685e-06              0 -8.7262903e-08  4.7115057e-08   5.395416e-08 -1.3005589e-07  1.3292671e-06   1.709854e-07  6.4639053e-07  2.1294991e-07  5.5277413e-08
 -7.4505961e-07              0 -9.2592956e-08  3.6608125e-08  4.0049228e-08 -9.3516461e-08  8.8744772e-07  1.1961968e-07  2.1294991e-07  4.8113722e-07  2.8505801e-08
 -1.9064192e-07              0 -2.9206128e-08  1.1030293e-08  1.1175522e-08 -2.5709149e-08   2.026153e-07  2.8452404e-08  5.5277413e-08  2.8505801e-08  3.8723944e-07


# ext. ||   Name    ||   type  ||     Value     ||  Error +/- 

   0   ||Targeted q || limited ||      4.306406004975 ||0.02640325024411
   1   ||Nontargeted q || limited ||                   2 ||22.06548931833
   2   ||     sigma || limited ||      0.782115002712 ||0.03585666921527
   3   ||  Biomass1 || limited ||     0.2073058282681 ||0.005868277143245
   4   ||  Biomass2 || limited ||     0.1872979336815 ||0.004381322482788
   5   ||   vm_mean || limited ||    -0.9707313020309 ||0.002083935514961
   6   ||  vm_sigma || limited ||      5.408253131536 ||0.0428693529749
   7   ||Recruit year 1 || limited ||      1.304170283028 ||0.00531415722477
   8   ||Recruit year 2 || limited ||      4.401678505892 ||0.01164857701994
   9   ||Recruit year 3 || limited ||      3.617124061685 ||0.009145341770602
  10   ||Recruit year 4 || limited ||     0.7431353420091 ||0.003753592578109





